    1285.676    9917.007  0.0000005000
    1423.350    9898.185  0.0000005000
    1600.663    9871.063  0.0000005000
    1824.922    9832.073  0.0000005000
    2106.380    9775.641  0.0000005000
    2467.836    9690.706  0.0000005000
    2933.866    9559.939  0.0000005000
    3530.444    9356.066  0.0000005000
    4299.324    9028.611  0.0000005000
    5279.396    8492.819  0.0000005000
    6453.598    7638.788  0.0000005000
    7763.024    6303.606  0.0000005000
    9019.482    4318.443  0.0000005000
    9848.024    1736.788  0.0000005000
    9942.933   -1066.806  0.0000005000
    9341.161   -3569.692  0.0000005000
    8292.912   -5588.166  0.0000005000
    6942.596   -7197.246  0.0000005000
    5423.645   -8401.433  0.0000005000
    3831.202   -9236.985  0.0000005000
    2219.695   -9750.536  0.0000005000
     641.277   -9979.417  0.0000005000
    -806.544   -9967.421  0.0000005000
   -2053.299   -9786.928  0.0000005000
   -3088.295   -9511.174  0.0000005000
   -3940.931   -9190.705  0.0000005000
   -4644.061   -8856.223  0.0000005000
   -5216.370   -8531.676  0.0000005000
   -5673.138   -8235.017  0.0000005000
   -6033.211   -7974.984  0.0000005000
   -6315.211   -7753.587  0.0000005000
   -6533.907   -7570.208  0.0000005000
   -6699.005   -7424.509  0.0000005000
   -6816.695   -7316.603  0.0000005000
   -6891.882   -7245.823  0.0000005000
   -6930.134   -7209.247  0.0000005000
   -6936.497   -7203.125  0.0000005000
   -6914.261   -7224.472  0.0000005000
   -6866.215   -7270.151  0.0000005000
   -6795.273   -7336.502  0.0000005000
   -6702.737   -7421.140  0.0000005000
   -6586.586   -7524.420  0.0000005000
   -6442.756   -7647.934  0.0000005000
   -6265.936   -7793.462  0.0000005000
   -6048.902   -7963.089  0.0000005000
   -5784.210   -8157.384  0.0000005000
   -5466.670   -8373.501  0.0000005000
   -5091.930   -8606.524  0.0000005000
   -4654.603   -8850.688  0.0000005000
   -4149.529   -9098.429  0.0000005000
   -3569.899   -9341.082  0.0000005000
   -2904.732   -9568.831  0.0000005000
   -2140.317   -9768.267  0.0000005000
   -1261.693   -9920.087  0.0000005000
    -254.192   -9996.769  0.0000005000
     893.649   -9959.989  0.0000005000
    2187.095   -9757.900  0.0000005000
    3621.321   -9321.268  0.0000005000
    5161.404   -8565.040  0.0000005000
    6698.163   -7425.269  0.0000005000
    8083.219   -5887.407  0.0000005000
    9184.702   -3954.901  0.0000005000
    9840.906   -1776.673  0.0000005000
    9992.619     384.141  0.0000005000
    9728.181    2315.706  0.0000005000
    9200.666    3917.620  0.0000005000
    8553.023    5181.293  0.0000005000
    7885.404    6149.830  0.0000005000
    7255.226    6881.984  0.0000005000
    6687.727    7434.669  0.0000005000
    6186.646    7856.552  0.0000005000
    5746.200    8184.203  0.0000005000
    5358.795    8442.945  0.0000005000
    5018.564    8649.510  0.0000005000
    4720.523    8815.705  0.0000005000
    4458.198    8951.227  0.0000005000
    4223.511    9064.323  0.0000005000
    4009.345    9161.067  0.0000005000
    3812.912    9244.550  0.0000005000
    3635.066    9315.916  0.0000005000
    3476.648    9376.189  0.0000005000
    3337.224    9426.714  0.0000005000
    3215.330    9468.984  0.0000005000
    3108.726    9504.516  0.0000005000
    3013.232    9535.221  0.0000005000
    2922.439    9563.438  0.0000005000
    2832.744    9590.389  0.0000005000
    2747.224    9615.236  0.0000005000
    2670.736    9636.761  0.0000005000
    2604.901    9654.765  0.0000005000
    2549.879    9669.442  0.0000005000
    2505.875    9680.940  0.0000005000
    2472.015    9689.641  0.0000005000
    2445.394    9696.394  0.0000005000
    2423.116    9701.985  0.0000005000
    2404.967    9706.500  0.0000005000
    2392.105    9709.677  0.0000005000
    2385.239    9711.366  0.0000005000
    2384.611    9711.520  0.0000005000
    2390.411    9710.095  0.0000005000
    2403.231    9706.929  0.0000005000
    2423.272    9701.946  0.0000005000
    2449.605    9695.331  0.0000005000
    2480.485    9687.476  0.0000005000
    2514.404    9678.728  0.0000005000
    2550.812    9669.196  0.0000005000
    2589.738    9658.843  0.0000005000
    2631.254    9647.616  0.0000005000
    2675.521    9635.434  0.0000005000
    2722.691    9622.211  0.0000005000
    2772.738    9607.909  0.0000005000
    2825.698    9592.467  0.0000005000
    2881.407    9575.881  0.0000005000
    2939.166    9558.311  0.0000005000
    2998.408    9539.893  0.0000005000
    3059.045    9520.622  0.0000005000
    3121.008    9500.490  0.0000005000
    3184.036    9479.552  0.0000005000
    3247.632    9457.953  0.0000005000
    3310.911    9435.988  0.0000005000
    3373.329    9413.854  0.0000005000
    3435.464    9391.357  0.0000005000
    3497.868    9368.293  0.0000005000
    3559.606    9345.010  0.0000005000
    3618.796    9322.248  0.0000005000
    3674.237    9300.537  0.0000005000
    3725.942    9279.944  0.0000005000
    3774.797    9260.179  0.0000005000
    3822.214    9240.708  0.0000005000
    3869.566    9220.979  0.0000005000
    3916.505    9201.141  0.0000005000
    3960.642    9182.228  0.0000005000
    4000.586    9164.896  0.0000005000
    4037.794    9148.564  0.0000005000
    4073.510    9132.717  0.0000005000
    4104.288    9118.926  0.0000005000
    4123.241    9110.372  0.0000005000
    4128.707    9107.896  0.0000005000
    4123.871    9110.087  0.0000005000
    4110.299    9116.218  0.0000005000
    4089.079    9125.756  0.0000005000
    4061.881    9137.895  0.0000005000
    4030.119    9151.947  0.0000005000
    3994.622    9167.497  0.0000005000
    3956.451    9184.035  0.0000005000
    3918.326    9200.365  0.0000005000
    3880.845    9216.238  0.0000005000
    3836.305    9234.867  0.0000005000
    3768.690    9262.666  0.0000005000
    3667.126    9303.343  0.0000005000
    3535.695    9354.083  0.0000005000
    3383.286    9410.280  0.0000005000
    3265.497    9451.800  0.0000005000
    3245.842    9458.568  0.0000005000
    3255.011    9455.417  0.0000005000
    3215.585    9468.897  0.0000005000
    3128.920    9497.887  0.0000005000
    3096.790    9508.412  0.0000005000
    3455.545    9383.987  0.0000005000
    4682.670    8835.870  0.0000005000
    5445.981    8386.970  0.0000005000
    6107.961    7917.840  0.0000005000
    6700.381    7423.186  0.0000005000
    7206.923    6932.428  0.0000005000
    7644.145    6447.082  0.0000005000
    8033.254    5955.182  0.0000005000
    8391.633    5438.516  0.0000005000
    8724.871    4886.019  0.0000005000
    9021.210    4314.390  0.0000005000
    9263.310    3766.559  0.0000005000
    9451.229    3266.479  0.0000005000
    9599.704    2800.192  0.0000005000
    9719.428    2351.154  0.0000005000
    9816.435    1905.952  0.0000005000
    9897.124    1428.933  0.0000005000
    9959.242     899.036  0.0000005000
    9993.786     344.830  0.0000005000
    9998.174    -176.407  0.0000005000
    9980.631    -617.729  0.0000005000
    9951.849    -977.397  0.0000005000
    9916.874   -1284.614  0.0000005000
    9877.345   -1559.725  0.0000005000
    9833.339   -1816.639  0.0000005000
    9781.691   -2076.857  0.0000005000
    9724.284   -2330.919  0.0000005000
    9668.551   -2552.271  0.0000005000
    9616.087   -2743.341  0.0000005000
    9565.731   -2914.092  0.0000005000
    9517.621   -3067.594  0.0000005000
    9471.032   -3208.566  0.0000005000
    9422.498   -3348.430  0.0000005000
    9368.453   -3496.803  0.0000005000
    9310.480   -3648.371  0.0000005000
    9254.229   -3788.801  0.0000005000
    9204.738   -3907.514  0.0000005000
    9164.393   -4001.233  0.0000005000
    9134.550   -4068.913  0.0000005000
    9114.895   -4112.765  0.0000005000
    9102.355   -4140.456  0.0000005000
    9094.482   -4157.729  0.0000005000
    9090.239   -4167.005  0.0000005000
    9088.841   -4170.063  0.0000005000
    9088.392   -4171.047  0.0000005000
    9083.498   -4181.701  0.0000005000
    9074.524   -4201.148  0.0000005000
    9074.107   -4202.053  0.0000005000
    9093.344   -4160.265  0.0000005000
    9130.006   -4079.179  0.0000005000
    9168.998   -3990.766  0.0000005000
    9195.087   -3930.282  0.0000005000
    9212.314   -3889.732  0.0000005000
    9245.623   -3809.881  0.0000005000
    9308.596   -3653.323  0.0000005000
    9392.613   -3431.545  0.0000005000
    9487.280   -3160.398  0.0000005000
    9576.341   -2879.278  0.0000005000
    9644.924   -2640.440  0.0000005000
    9698.235   -2437.345  0.0000005000
    9751.570   -2214.325  0.0000005000
    9811.149   -1933.290  0.0000005000
    9867.729   -1619.909  0.0000005000
    9912.718   -1316.859  0.0000005000
    9956.438    -930.228  0.0000005000
    9996.759    -246.395  0.0000005000
    9959.011     902.185  0.0000005000
    9627.084    2704.660  0.0000005000
    8481.823    5296.707  0.0000005000
    4915.578    5789.250  0.0000005000
     -28.295   -1977.301  0.0000005000
     171.335   -6824.870  0.0000005000
    1332.305   -9910.802  0.0000005000
    2118.653   -9772.923  0.0000005000
    1854.815   -9826.421  0.0000005000
    1449.202   -9894.388  0.0000005000
    1459.720   -9892.845  0.0000005000
    1741.794   -9847.092  0.0000005000
    2159.776   -9763.928  0.0000005000
    2366.729   -9715.834  0.0000005000
    1975.574   -9802.864  0.0000005000
    1539.494   -9880.748  0.0000005000
    1624.160   -9867.183  0.0000005000
    1991.035   -9799.738  0.0000005000
    2439.466   -9697.830  0.0000005000
    2949.731   -9554.987  0.0000005000
    3521.556   -9359.333  0.0000005000
    4175.436   -9086.469  0.0000005000
    4944.416   -8691.986  0.0000005000
    5879.038   -8089.154  0.0000005000
    6997.063   -7144.100  0.0000005000
    8177.302   -5755.725  0.0000005000
    9059.114   -4234.237  0.0000005000
    9765.008   -2154.231  0.0000005000
    9558.105    2939.264  0.0000005000
    3582.747    8545.055  0.0000005000
   -3856.179    9226.586  0.0000005000
   -7139.604    7001.861  0.0000005000
   -9226.758    3855.766  0.0000005000
   -9870.206    1605.935  0.0000005000
   -9999.756      69.924  0.0000005000
   -9946.349   -1034.472  0.0000005000
   -9825.023   -1862.505  0.0000005000
   -9680.032   -2509.377  0.0000005000
   -9529.350   -3031.747  0.0000005000
   -9380.380   -3465.324  0.0000005000
   -9236.582   -3832.173  0.0000005000
   -9101.381   -4143.050  0.0000005000
   -8978.365   -4403.290  0.0000005000
   -8868.314   -4620.932  0.0000005000
   -8766.670   -4810.976  0.0000005000
   -8667.680   -4987.116  0.0000005000
   -8569.886   -5153.353  0.0000005000
   -8475.114   -5307.773  0.0000005000
   -8384.242   -5450.182  0.0000005000
   -8296.861   -5582.302  0.0000005000
   -8212.273   -5706.012  0.0000005000
   -8131.312   -5820.804  0.0000005000
   -8054.983   -5925.981  0.0000005000
   -7983.399   -6022.071  0.0000005000
   -7917.070   -6109.010  0.0000005000
   -7856.485   -6186.731  0.0000005000
   -7800.443   -6257.243  0.0000005000
   -7744.529   -6326.316  0.0000005000
   -7681.901   -6402.219  0.0000005000
   -7605.385   -6492.929  0.0000005000
   -7512.187   -6600.534  0.0000005000
   -7406.983   -6718.378  0.0000005000
   -7307.154   -6826.822  0.0000005000
   -7256.230   -6880.925  0.0000005000
   -7281.335   -6854.354  0.0000005000
   -7734.183   -6338.960  0.0000005000
   -8540.067   -5202.621  0.0000005000
   -8765.251   -4813.562  0.0000005000
   -8809.665   -4731.787  0.0000005000
   -8799.117   -4751.372  0.0000005000
   -8748.747   -4843.494  0.0000005000
   -8691.472   -4945.534  0.0000005000
   -8709.075   -4914.471  0.0000005000
   -8838.368   -4677.953  0.0000005000
   -8938.631   -4483.400  0.0000005000
   -8994.225   -4370.802  0.0000005000
   -9018.793   -4319.881  0.0000005000
   -9038.098   -4279.344  0.0000005000
   -9071.030   -4209.086  0.0000005000
   -9113.481   -4116.366  0.0000005000
   -9148.274   -4038.449  0.0000005000
   -9160.202   -4011.322  0.0000005000
   -9154.001   -4025.453  0.0000005000
   -9153.078   -4027.551  0.0000005000
   -9168.249   -3992.894  0.0000005000
   -9189.044   -3944.803  0.0000005000
   -9204.898   -3907.666  0.0000005000
   -9211.807   -3891.351  0.0000005000
   -9206.164   -3904.683  0.0000005000
   -9191.067   -3940.087  0.0000005000
   -9174.804   -3977.809  0.0000005000
   -9162.771   -4005.450  0.0000005000
   -9155.655   -4021.688  0.0000005000
   -9152.048   -4029.890  0.0000005000
   -9151.577   -4030.959  0.0000005000
   -9153.771   -4025.976  0.0000005000
   -9157.122   -4018.348  0.0000005000
   -9159.710   -4012.444  0.0000005000
   -9158.029   -4016.280  0.0000005000
   -9146.050   -4043.484  0.0000005000
   -9121.590   -4098.364  0.0000005000
   -9092.635   -4162.210  0.0000005000
   -9077.773   -4194.525  0.0000005000
   -9091.104   -4165.552  0.0000005000
   -9119.009   -4104.106  0.0000005000
   -9132.681   -4073.591  0.0000005000
   -9122.582   -4096.157  0.0000005000
   -9104.803   -4135.526  0.0000005000
   -9102.447   -4140.708  0.0000005000
   -9142.292   -4051.974  0.0000005000
   -9238.062   -3828.604  0.0000005000
   -9379.603   -3467.427  0.0000005000
   -9505.144   -3106.787  0.0000005000
   -9296.143   -3685.282  0.0000005000
     626.073   -1606.237  0.0000005000
    9162.381    4006.342  0.0000005000
    7927.470    6095.509  0.0000005000
    7208.513    6930.897  0.0000005000
    6765.606    7363.870  0.0000005000
    6428.676    7659.773  0.0000005000
    6133.177    7898.363  0.0000005000
    5864.465    8099.880  0.0000005000
    5625.694    8267.501  0.0000005000
    5421.861    8402.584  0.0000005000
    5254.372    8508.324  0.0000005000
    5126.477    8585.990  0.0000005000
    5040.114    8636.970  0.0000005000
    4987.799    8667.287  0.0000005000
    4954.479    8686.377  0.0000005000
    4924.695    8703.297  0.0000005000
    4887.966    8723.978  0.0000005000
    4839.717    8750.837  0.0000005000
    4783.975    8781.434  0.0000005000
    4729.964    8810.644  0.0000005000
    4689.051    8832.486  0.0000005000
    4670.313    8842.408  0.0000005000
    4669.980    8842.584  0.0000005000
    4672.128    8841.449  0.0000005000
    4666.359    8844.495  0.0000005000
    4655.689    8850.116  0.0000005000
    4649.412    8853.415  0.0000005000
    4656.408    8849.738  0.0000005000
    4675.305    8839.769  0.0000005000
    4693.029    8830.373  0.0000005000
    4699.294    8827.040  0.0000005000
    4697.723    8827.876  0.0000005000
    4697.482    8828.004  0.0000005000
    4704.944    8824.030  0.0000005000
    4722.035    8814.895  0.0000005000
    4744.088    8803.047  0.0000005000
    4765.712    8791.359  0.0000005000
    4785.408    8780.653  0.0000005000
    4803.715    8770.651  0.0000005000
    4821.835    8760.702  0.0000005000
    4840.921    8750.171  0.0000005000
    4862.255    8738.333  0.0000005000
    4886.867    8724.594  0.0000005000
    4915.034    8708.756  0.0000005000
    4946.328    8691.021  0.0000005000
    4979.638    8671.978  0.0000005000
    5013.422    8652.491  0.0000005000
    5046.291    8633.362  0.0000005000
    5077.873    8614.825  0.0000005000
    5109.006    8596.398  0.0000005000
    5141.133    8577.223  0.0000005000
    5175.479    8556.542  0.0000005000
    5212.076    8534.299  0.0000005000
    5249.411    8511.385  0.0000005000
    5285.958    8488.736  0.0000005000
    5321.479    8466.514  0.0000005000
    5356.427    8444.447  0.0000005000
    5392.518    8421.446  0.0000005000
    5434.237    8394.586  0.0000005000
    5485.811    8360.973  0.0000005000
    5546.860    8320.598  0.0000005000
    5612.046    8276.771  0.0000005000
    5676.702    8232.561  0.0000005000
    5737.656    8190.196  0.0000005000
    5790.551    8152.884  0.0000005000
    5834.213    8121.697  0.0000005000
    5870.924    8095.199  0.0000005000
    5903.792    8071.260  0.0000005000
    5936.624    8047.142  0.0000005000
    5973.086    8020.115  0.0000005000
    6015.225    7988.559  0.0000005000
    6065.308    7950.600  0.0000005000
    6125.236    7904.523  0.0000005000
    6192.745    7851.746  0.0000005000
    6261.969    7796.649  0.0000005000
    6324.868    7745.712  0.0000005000
    6377.291    7702.607  0.0000005000
    6420.661    7666.493  0.0000005000
    6453.875    7638.554  0.0000005000
    6483.300    7613.595  0.0000005000
    6529.360    7574.131  0.0000005000
    6605.740    7507.610  0.0000005000
    6698.255    7425.185  0.0000005000
    6777.407    7353.010  0.0000005000
    6822.178    7311.490  0.0000005000
    6822.775    7310.933  0.0000005000
    6780.181    7350.452  0.0000005000
    6710.295    7414.307  0.0000005000
    6657.053    7462.147  0.0000005000
    6696.795    7426.502  0.0000005000
    6871.374    7265.275  0.0000005000
    7138.176    7003.317  0.0000005000
    7381.354    6746.526  0.0000005000
    6638.180    7478.942  0.0000005000
   -1077.029    4284.148  0.0000005000
   -7342.843   -6788.265  0.0000005000
   -4830.940   -8755.548  0.0000005000
   -4211.851   -9069.636  0.0000005000
   -4125.504   -9109.264  0.0000005000
   -4255.979   -9049.069  0.0000005000
   -4549.010   -8905.394  0.0000005000
   -4852.627   -8743.684  0.0000005000
   -4920.122   -8705.883  0.0000005000
   -4954.103   -8686.591  0.0000005000
   -4976.155   -8673.977  0.0000005000
   -5006.404   -8656.554  0.0000005000
   -5037.561   -8638.459  0.0000005000
   -5042.533   -8635.558  0.0000005000
   -5008.206   -8655.511  0.0000005000
   -4947.865   -8690.146  0.0000005000
   -4887.214   -8724.399  0.0000005000
   -4844.070   -8748.427  0.0000005000
   -4820.803   -8761.270  0.0000005000
   -4810.124   -8767.138  0.0000005000
   -4804.897   -8770.004  0.0000005000
   -4802.647   -8771.236  0.0000005000
   -4803.771   -8770.620  0.0000005000
   -4808.258   -8768.161  0.0000005000
   -4814.748   -8764.599  0.0000005000
   -4822.107   -8760.553  0.0000005000
   -4830.083   -8756.158  0.0000005000
   -4839.829   -8750.775  0.0000005000
   -4853.591   -8743.149  0.0000005000
   -4872.421   -8732.670  0.0000005000
   -4895.572   -8719.712  0.0000005000
   -4922.721   -8704.414  0.0000005000
   -4954.046   -8686.624  0.0000005000
   -4988.998   -8666.597  0.0000005000
   -5027.257   -8644.460  0.0000005000
   -5069.414   -8619.805  0.0000005000
   -5116.498   -8591.941  0.0000005000
   -5170.117   -8559.783  0.0000005000
   -5232.410   -8521.848  0.0000005000
   -5303.685   -8477.672  0.0000005000
   -5380.515   -8429.119  0.0000005000
   -5458.800   -8378.634  0.0000005000
   -5537.979   -8326.511  0.0000005000
   -5619.709   -8271.570  0.0000005000
   -5705.037   -8212.950  0.0000005000
   -5794.556   -8150.038  0.0000005000
   -5888.717   -8082.265  0.0000005000
   -5987.735   -8009.184  0.0000005000
   -6091.302   -7930.702  0.0000005000
   -6198.440   -7847.251  0.0000005000
   -6307.987   -7759.465  0.0000005000
   -6419.098   -7667.801  0.0000005000
   -6531.304   -7572.454  0.0000005000
   -6644.655   -7473.189  0.0000005000
   -6759.473   -7369.500  0.0000005000
   -6875.889   -7261.002  0.0000005000
   -6994.020   -7147.285  0.0000005000
   -7114.238   -7027.632  0.0000005000
   -7236.705   -6901.457  0.0000005000
   -7360.399   -6769.381  0.0000005000
   -7483.915   -6632.572  0.0000005000
   -7606.724   -6491.359  0.0000005000
   -7728.823   -6345.495  0.0000005000
   -7850.109   -6194.820  0.0000005000
   -7968.925   -6041.211  0.0000005000
   -8083.297   -5887.301  0.0000005000
   -8193.110   -5733.494  0.0000005000
   -8299.126   -5578.935  0.0000005000
   -8401.708   -5423.219  0.0000005000
   -8500.646   -5266.784  0.0000005000
   -8595.993   -5109.687  0.0000005000
   -8687.718   -4952.127  0.0000005000
   -8774.946   -4795.865  0.0000005000
   -8855.252   -4645.914  0.0000005000
   -8925.617   -4509.253  0.0000005000
   -8985.194   -4389.337  0.0000005000
   -9034.561   -4286.806  0.0000005000
   -9073.274   -4204.248  0.0000005000
   -9097.668   -4151.198  0.0000005000
   -9101.320   -4143.184  0.0000005000
   -9076.780   -4196.673  0.0000005000
   -9013.545   -4330.820  0.0000005000
   -8894.064   -4571.174  0.0000005000
   -8691.980   -4944.642  0.0000005000
   -8387.911   -5444.533  0.0000005000
   -7953.058   -6062.085  0.0000005000
   -7253.688   -6883.604  0.0000005000
   -5873.436   -8093.377  0.0000005000
   -2194.286   -9756.286  0.0000005000
    3372.807   -9414.041  0.0000005000
    7123.600   -7018.143  0.0000005000
    9041.345   -4272.480  0.0000005000
    9762.441   -2166.736  0.0000005000
    9968.489    -793.242  0.0000005000
    9997.013     244.381  0.0000005000
    9951.525     983.435  0.0000005000
    9888.919    1486.367  0.0000005000
    9829.798    1837.135  0.0000005000
    9776.908    2100.492  0.0000005000
    9728.886    2312.741  0.0000005000
    9685.263    2489.111  0.0000005000
    9646.604    2634.964  0.0000005000
    9613.832    2752.131  0.0000005000
    9588.243    2840.001  0.0000005000
    9571.019    2897.516  0.0000005000
    9562.221    2926.421  0.0000005000
    9560.525    2931.954  0.0000005000
    9564.777    2918.053  0.0000005000
    9574.903    2884.656  0.0000005000
    9590.748    2831.528  0.0000005000
    9611.695    2759.588  0.0000005000
    9637.008    2669.846  0.0000005000
    9665.619    2564.334  0.0000005000
    9696.362    2445.517  0.0000005000
    9728.323    2315.111  0.0000005000
    9760.780    2174.207  0.0000005000
    9793.106    2023.629  0.0000005000
    9824.719    1864.107  0.0000005000
    9854.996    1696.776  0.0000005000
    9883.357    1522.912  0.0000005000
    9909.367    1343.299  0.0000005000
    9932.654    1158.614  0.0000005000
    9952.885     969.574  0.0000005000
    9969.774     776.923  0.0000005000
    9983.076     581.539  0.0000005000
    9992.609     384.398  0.0000005000
    9998.261     186.500  0.0000005000
    9999.994     -11.060  0.0000005000
    9997.855    -207.109  0.0000005000
    9991.971    -400.641  0.0000005000
    9982.527    -590.894  0.0000005000
    9969.753    -777.193  0.0000005000
    9953.935    -958.739  0.0000005000
    9935.454   -1134.350  0.0000005000
    9914.784   -1302.711  0.0000005000
    9892.424   -1462.856  0.0000005000
    9868.869   -1614.131  0.0000005000
    9844.636   -1755.887  0.0000005000
    9820.281   -1887.350  0.0000005000
    9796.449   -2007.381  0.0000005000
    9773.859   -2114.635  0.0000005000
    9753.175   -2208.072  0.0000005000
    9735.005   -2286.848  0.0000005000
    9719.920   -2350.140  0.0000005000
    9708.482   -2396.953  0.0000005000
    9701.259   -2426.020  0.0000005000
    9698.783   -2435.900  0.0000005000
    9701.479   -2425.141  0.0000005000
    9709.678   -2392.104  0.0000005000
    9723.626   -2334.758  0.0000005000
    9743.415   -2250.747  0.0000005000
    9768.823   -2137.776  0.0000005000
    9799.002   -1994.885  0.0000005000
    9832.789   -1821.061  0.0000005000
    9868.887   -1614.023  0.0000005000
    9905.446   -1371.911  0.0000005000
    9940.151   -1092.429  0.0000005000
    9970.167    -771.864  0.0000005000
    9991.780    -405.372  0.0000005000
    9999.994      11.246  0.0000005000
    9988.608     477.188  0.0000005000
    9950.987     988.867  0.0000005000
    9879.906    1545.137  0.0000005000
    9767.124    2145.527  0.0000005000
    9603.993    2786.272  0.0000005000
    9382.832    3458.680  0.0000005000
    9098.148    4150.146  0.0000005000
    8749.157    4842.752  0.0000005000
    8341.060    5516.042  0.0000005000
    7879.511    6157.378  0.0000005000
    7370.127    6758.789  0.0000005000
    6824.179    7309.622  0.0000005000
    6257.068    7800.584  0.0000005000
    5685.028    8226.813  0.0000005000
    5123.376    8587.841  0.0000005000
    4585.139    8886.872  0.0000005000
    4079.409    9130.084  0.0000005000
    3610.991    9325.274  0.0000005000
    3181.715    9480.332  0.0000005000
    2791.122    9602.585  0.0000005000
    2441.159    9697.461  0.0000005000
    2133.376    9769.785  0.0000005000
    1865.135    9824.524  0.0000005000
    1633.028    9865.760  0.0000005000
    1433.750    9896.684  0.0000005000
    1263.952    9919.800  0.0000005000
    1119.921    9937.091  0.0000005000
     998.511    9950.024  0.0000005000
     897.100    9959.679  0.0000005000
     813.774    9966.834  0.0000005000
     747.391    9972.031  0.0000005000
     696.240    9975.733  0.0000005000
     657.941    9978.332  0.0000005000
     629.766    9980.150  0.0000005000
     609.472    9981.410  0.0000005000
     595.857    9982.232  0.0000005000
     588.542    9982.666  0.0000005000
     587.317    9982.738  0.0000005000
     591.418    9982.496  0.0000005000
     599.502    9982.014  0.0000005000
     610.175    9981.367  0.0000005000
     622.308    9980.618  0.0000005000
     635.198    9979.806  0.0000005000
     648.319    9978.962  0.0000005000
     661.264    9978.113  0.0000005000
     673.962    9977.263  0.0000005000
     686.289    9976.423  0.0000005000
     697.731    9975.629  0.0000005000
     707.726    9974.925  0.0000005000
     715.941    9974.338  0.0000005000
     722.180    9973.889  0.0000005000
     726.281    9973.591  0.0000005000
     728.048    9973.462  0.0000005000
     727.235    9973.521  0.0000005000
     723.637    9973.783  0.0000005000
     717.084    9974.256  0.0000005000
     707.446    9974.945  0.0000005000
     694.639    9975.845  0.0000005000
     678.606    9976.948  0.0000005000
     659.308    9978.242  0.0000005000
     636.693    9979.711  0.0000005000
     610.676    9981.336  0.0000005000
     581.206    9983.096  0.0000005000
     548.300    9984.957  0.0000005000
     511.920    9986.888  0.0000005000
     471.999    9988.855  0.0000005000
     428.528    9990.814  0.0000005000
     381.474    9992.721  0.0000005000
     330.823    9994.526  0.0000005000
     276.647    9996.173  0.0000005000
     219.049    9997.601  0.0000005000
     158.111    9998.750  0.0000005000
      93.843    9999.560  0.0000005000
      26.261    9999.966  0.0000005000
     -44.564    9999.901  0.0000005000
    -118.552    9999.297  0.0000005000
    -195.615    9998.087  0.0000005000
    -275.657    9996.200  0.0000005000
    -358.572    9993.569  0.0000005000
    -444.250    9990.127  0.0000005000
    -532.570    9985.808  0.0000005000
    -623.406    9980.549  0.0000005000
    -716.626    9974.289  0.0000005000
    -812.093    9966.971  0.0000005000
    -909.666    9958.539  0.0000005000
   -1009.202    9948.945  0.0000005000
   -1110.546    9938.143  0.0000005000
   -1213.544    9926.092  0.0000005000
   -1318.032    9912.759  0.0000005000
   -1423.846    9898.114  0.0000005000
   -1530.815    9882.136  0.0000005000
   -1638.773    9864.807  0.0000005000
   -1747.566    9846.117  0.0000005000
   -1857.042    9826.057  0.0000005000
   -1967.031    9804.631  0.0000005000
   -2077.346    9781.852  0.0000005000
   -2187.797    9757.743  0.0000005000
   -2298.202    9732.331  0.0000005000
   -2408.395    9705.650  0.0000005000
   -2518.239    9677.731  0.0000005000
   -2627.594    9648.614  0.0000005000
   -2736.291    9618.353  0.0000005000
   -2844.152    9587.012  0.0000005000
   -2951.006    9554.662  0.0000005000
   -3056.700    9521.375  0.0000005000
   -3161.115    9487.221  0.0000005000
   -3264.140    9452.269  0.0000005000
   -3365.642    9416.605  0.0000005000
   -3465.469    9380.327  0.0000005000
   -3563.488    9343.530  0.0000005000
   -3659.575    9306.316  0.0000005000
   -3753.619    9268.783  0.0000005000
   -3845.514    9231.036  0.0000005000
   -3935.164    9193.176  0.0000005000
   -4022.477    9155.309  0.0000005000
   -4107.367    9117.540  0.0000005000
   -4189.751    9079.977  0.0000005000
   -4269.544    9042.731  0.0000005000
   -4346.668    9005.913  0.0000005000
   -4421.043    8969.636  0.0000005000
   -4492.599    8934.011  0.0000005000
   -4561.266    8899.149  0.0000005000
   -4626.988    8865.156  0.0000005000
   -4689.713    8832.134  0.0000005000
   -4749.396    8800.184  0.0000005000
   -4805.988    8769.406  0.0000005000
   -4859.440    8739.899  0.0000005000
   -4909.707    8711.761  0.0000005000
   -4956.746    8685.083  0.0000005000
   -5000.519    8659.955  0.0000005000
   -5040.985    8636.462  0.0000005000
   -5078.104    8614.688  0.0000005000
   -5111.837    8594.715  0.0000005000
   -5142.145    8576.616  0.0000005000
   -5168.989    8560.464  0.0000005000
   -5192.334    8546.325  0.0000005000
   -5212.145    8534.257  0.0000005000
   -5228.391    8524.314  0.0000005000
   -5241.036    8516.545  0.0000005000
   -5250.044    8510.995  0.0000005000
   -5255.377    8507.703  0.0000005000
   -5256.999    8506.701  0.0000005000
   -5254.870    8508.016  0.0000005000
   -5248.952    8511.669  0.0000005000
   -5239.206    8517.671  0.0000005000
   -5225.593    8526.029  0.0000005000
   -5208.076    8536.741  0.0000005000
   -5186.614    8549.797  0.0000005000
   -5161.166    8565.183  0.0000005000
   -5131.693    8582.874  0.0000005000
   -5098.154    8602.838  0.0000005000
   -5060.515    8625.033  0.0000005000
   -5018.738    8649.409  0.0000005000
   -4972.790    8675.907  0.0000005000
   -4922.641    8704.459  0.0000005000
   -4868.267    8734.986  0.0000005000
   -4809.646    8767.400  0.0000005000
   -4746.761    8801.606  0.0000005000
   -4679.594    8837.500  0.0000005000
   -4608.133    8874.971  0.0000005000
   -4532.373    8913.899  0.0000005000
   -4452.325    8954.150  0.0000005000
   -4368.011    8995.581  0.0000005000
   -4279.465    9038.041  0.0000005000
   -4186.731    9081.370  0.0000005000
   -4089.863    9125.405  0.0000005000
   -3988.925    9169.977  0.0000005000
   -3883.986    9214.915  0.0000005000
   -3775.125    9260.045  0.0000005000
   -3662.447    9305.186  0.0000005000
   -3546.081    9350.150  0.0000005000
   -3426.171    9394.751  0.0000005000
   -3302.878    9438.803  0.0000005000
   -3176.380    9482.120  0.0000005000
   -3046.876    9524.523  0.0000005000
   -2914.577    9565.837  0.0000005000
   -2779.700    9605.898  0.0000005000
   -2642.464    9644.552  0.0000005000
   -2503.116    9681.653  0.0000005000
   -2361.932    9717.061  0.0000005000
   -2219.198    9750.649  0.0000005000
   -2075.216    9782.304  0.0000005000
   -1930.290    9811.931  0.0000005000
   -1784.728    9839.448  0.0000005000
   -1638.840    9864.796  0.0000005000
   -1492.947    9887.928  0.0000005000
   -1347.378    9908.813  0.0000005000
   -1202.470    9927.440  0.0000005000
   -1058.549    9943.816  0.0000005000
    -915.925    9957.966  0.0000005000
    -774.895    9969.932  0.0000005000
    -635.749    9979.771  0.0000005000
    -498.777    9987.553  0.0000005000
    -364.260    9993.364  0.0000005000
    -232.470    9997.298  0.0000005000
    -103.665    9999.463  0.0000005000
      21.914    9999.976  0.0000005000
     144.046    9998.962  0.0000005000
     262.523    9996.553  0.0000005000
     377.153    9992.885  0.0000005000
     487.772    9988.097  0.0000005000
     594.248    9982.328  0.0000005000
     696.463    9975.717  0.0000005000
     794.302    9968.404  0.0000005000
     887.673    9960.524  0.0000005000
     976.495    9952.209  0.0000005000
    1060.708    9943.586  0.0000005000
    1140.272    9934.776  0.0000005000
    1215.161    9925.895  0.0000005000
    1285.364    9917.048  0.0000005000
    1350.888    9908.335  0.0000005000
    1411.746    9899.847  0.0000005000
    1467.969    9891.666  0.0000005000
    1519.603    9883.866  0.0000005000
    1566.702    9876.510  0.0000005000
    1609.324    9869.654  0.0000005000
    1647.534    9863.348  0.0000005000
    1681.406    9857.630  0.0000005000
    1711.032    9852.531  0.0000005000
    1736.519    9848.071  0.0000005000
    1757.974    9844.264  0.0000005000
    1775.512    9841.116  0.0000005000
    1789.259    9838.626  0.0000005000
    1799.392    9836.777  0.0000005000
    1806.080    9835.552  0.0000005000
    1809.392    9834.943  0.0000005000
    1809.394    9834.942  0.0000005000
    1806.265    9835.518  0.0000005000
    1800.302    9836.611  0.0000005000
    1791.797    9838.164  0.0000005000
    1780.999    9840.124  0.0000005000
    1768.010    9842.466  0.0000005000
    1752.858    9845.176  0.0000005000
    1735.731    9848.210  0.0000005000
    1716.998    9851.493  0.0000005000
    1697.164    9854.929  0.0000005000
    1676.684    9858.434  0.0000005000
    1655.827    9861.959  0.0000005000
    1634.748    9865.475  0.0000005000
    1613.827    9868.919  0.0000005000
    1593.607    9872.204  0.0000005000
    1574.590    9875.255  0.0000005000
    1557.440    9877.974  0.0000005000
    1543.456    9880.169  0.0000005000
    1534.694    9881.534  0.0000005000
    1532.919    9881.809  0.0000005000
    1538.406    9880.957  0.0000005000
    1551.431    9878.920  0.0000005000
    1573.454    9875.436  0.0000005000
    1605.193    9870.327  0.0000005000
    1647.180    9863.407  0.0000005000
    1701.784    9854.133  0.0000005000
    1772.692    9841.624  0.0000005000
    1864.236    9824.695  0.0000005000
    1980.986    9801.821  0.0000005000
    2126.771    9771.225  0.0000005000
    2305.260    9730.662  0.0000005000
    2520.827    9677.057  0.0000005000
    2778.347    9606.289  0.0000005000
    3083.321    9512.788  0.0000005000
    3441.582    9389.117  0.0000005000
    3858.261    9225.715  0.0000005000
    4336.235    9010.942  0.0000005000
    4875.795    8730.786  0.0000005000
    5473.408    8369.098  0.0000005000
    6118.374    7909.836  0.0000005000
    6791.739    7339.774  0.0000005000
    7466.566    6652.097  0.0000005000
    8109.791    5850.752  0.0000005000
    8687.174    4953.080  0.0000005000
    9169.559    3989.886  0.0000005000
    9539.295    3000.307  0.0000005000
    9793.192    2023.214  0.0000005000
    9940.277    1091.280  0.0000005000
    9997.379     228.946  0.0000005000
    9985.017    -547.207  0.0000005000
    9924.411   -1227.221  0.0000005000
    9835.132   -1808.363  0.0000005000
    9732.761   -2296.381  0.0000005000
    9627.903   -2702.495  0.0000005000
    9527.241   -3038.368  0.0000005000
    9434.886   -3314.050  0.0000005000
    9353.257   -3537.878  0.0000005000
    9283.714   -3716.539  0.0000005000
    9226.959   -3855.287  0.0000005000
    9183.118   -3958.579  0.0000005000
    9151.643   -4030.810  0.0000005000
    9131.435   -4076.382  0.0000005000
    9121.101   -4099.454  0.0000005000
    9119.278   -4103.507  0.0000005000
    9125.088   -4090.570  0.0000005000
    9137.960   -4061.734  0.0000005000
    9157.233   -4018.094  0.0000005000
    9182.263   -3960.562  0.0000005000
    9212.304   -3890.174  0.0000005000
    9246.383   -3808.465  0.0000005000
    9283.543   -3716.965  0.0000005000
    9322.930   -3617.041  0.0000005000
    9363.810   -3509.853  0.0000005000
    9405.724   -3395.932  0.0000005000
    9448.404   -3275.310  0.0000005000
    9491.547   -3148.099  0.0000005000
    9534.726   -3014.795  0.0000005000
    9577.461   -2876.151  0.0000005000
    9619.323   -2732.880  0.0000005000
    9659.979   -2585.498  0.0000005000
    9699.173   -2434.347  0.0000005000
    9736.661   -2279.790  0.0000005000
    9772.202   -2122.280  0.0000005000
    9805.594   -1962.224  0.0000005000
    9836.686   -1799.891  0.0000005000
    9865.371   -1635.376  0.0000005000
    9891.574   -1468.591  0.0000005000
    9915.193   -1299.598  0.0000005000
    9936.083   -1128.826  0.0000005000
    9954.090    -957.132  0.0000005000
    9969.112    -785.365  0.0000005000
    9981.156    -613.616  0.0000005000
    9990.246    -441.578  0.0000005000
    9996.382    -268.960  0.0000005000
    9999.541     -95.759  0.0000005000
    9999.703      77.069  0.0000005000
    9996.931     247.735  0.0000005000
    9991.378     415.176  0.0000005000
    9983.182     579.718  0.0000005000
    9972.413     742.284  0.0000005000
    9959.127     903.211  0.0000005000
    9943.513    1061.392  0.0000005000
    9925.740    1216.420  0.0000005000
    9905.779    1369.503  0.0000005000
    9883.696    1520.706  0.0000005000
    9859.701    1669.218  0.0000005000
    9834.140    1813.749  0.0000005000
    9807.842    1950.960  0.0000005000
    9782.148    2075.954  0.0000005000
    9758.611    2183.923  0.0000005000
    9738.476    2272.022  0.0000005000
    9722.673    2338.725  0.0000005000
    9711.878    2383.154  0.0000005000
    9706.250    2405.975  0.0000005000
    9706.495    2404.986  0.0000005000
    9716.341    2364.894  0.0000005000
    9744.578    2245.708  0.0000005000
    9804.015    1970.098  0.0000005000
    9899.152    1416.612  0.0000005000
    9992.393     389.971  0.0000005000
    9898.596   -1420.490  0.0000005000
    8656.525   -4638.928  0.0000005000
    1952.817   -8254.810  0.0000005000
   -7320.942   -6812.034  0.0000005000
   -9452.590   -3263.212  0.0000005000
   -9793.045   -2023.924  0.0000005000
   -9827.225   -1850.849  0.0000005000
   -9821.969   -1878.545  0.0000005000
   -9816.577   -1906.518  0.0000005000
   -9808.203   -1949.140  0.0000005000
   -9796.860   -2005.375  0.0000005000
   -9783.069   -2071.608  0.0000005000
   -9765.812   -2151.490  0.0000005000
   -9744.841   -2244.563  0.0000005000
   -9720.162   -2349.140  0.0000005000
   -9691.747   -2463.745  0.0000005000
   -9660.337   -2584.160  0.0000005000
   -9627.396   -2704.300  0.0000005000
   -9593.344   -2822.722  0.0000005000
   -9557.338   -2942.327  0.0000005000
   -9518.426   -3065.870  0.0000005000
   -9475.814   -3195.145  0.0000005000
   -9429.768   -3328.585  0.0000005000
   -9381.718   -3461.700  0.0000005000
   -9332.736   -3591.663  0.0000005000
   -9282.857   -3718.677  0.0000005000
   -9231.545   -3844.292  0.0000005000
   -9178.370   -3969.576  0.0000005000
   -9123.176   -4094.832  0.0000005000
   -9066.010   -4219.889  0.0000005000
   -9007.518   -4343.343  0.0000005000
   -8948.556   -4463.557  0.0000005000
   -8889.216   -4580.593  0.0000005000
   -8829.119   -4695.388  0.0000005000
   -8767.983   -4808.583  0.0000005000
   -8705.673   -4920.494  0.0000005000
   -8642.125   -5031.270  0.0000005000
   -8577.331   -5140.953  0.0000005000
   -8511.348   -5249.472  0.0000005000
   -8444.260   -5356.722  0.0000005000
   -8376.115   -5462.664  0.0000005000
   -8306.773   -5567.541  0.0000005000
   -8235.889   -5671.872  0.0000005000
   -8163.713   -5775.274  0.0000005000
   -8091.354   -5876.222  0.0000005000
   -8019.669   -5973.684  0.0000005000
   -7948.664   -6067.845  0.0000005000
   -7877.857   -6159.494  0.0000005000
   -7806.715   -6249.416  0.0000005000
   -7734.765   -6338.250  0.0000005000
   -7661.492   -6426.627  0.0000005000
   -7586.613   -6514.853  0.0000005000
   -7510.621   -6602.316  0.0000005000
   -7434.816   -6687.564  0.0000005000
   -7360.560   -6769.206  0.0000005000
   -7288.486   -6846.749  0.0000005000
   -7218.728   -6920.258  0.0000005000
   -7151.152   -6990.066  0.0000005000
   -7085.101   -7057.007  0.0000005000
   -7019.604   -7122.160  0.0000005000
   -6953.641   -7186.577  0.0000005000
   -6886.416   -7251.019  0.0000005000
   -6817.873   -7315.505  0.0000005000
   -6748.599   -7379.459  0.0000005000
   -6679.236   -7442.299  0.0000005000
   -6610.182   -7503.699  0.0000005000
   -6541.551   -7563.604  0.0000005000
   -6473.161   -7622.217  0.0000005000
   -6404.265   -7680.194  0.0000005000
   -6333.821   -7738.392  0.0000005000
   -6261.749   -7796.826  0.0000005000
   -6189.376   -7854.402  0.0000005000
   -6118.436   -7909.788  0.0000005000
   -6050.082   -7962.192  0.0000005000
   -5984.922   -8011.287  0.0000005000
   -5922.800   -8057.322  0.0000005000
   -5862.581   -8101.243  0.0000005000
   -5801.918   -8144.799  0.0000005000
   -5737.190   -8190.522  0.0000005000
   -5664.686   -8240.833  0.0000005000
   -5582.932   -8296.437  0.0000005000
   -5492.963   -8356.277  0.0000005000
   -5396.406   -8418.955  0.0000005000
   -5294.920   -8483.149  0.0000005000
   -5188.502   -8548.652  0.0000005000
   -5073.380   -8617.471  0.0000005000
   -4941.525   -8693.752  0.0000005000
   -4784.428   -8781.187  0.0000005000
   -4601.759   -8878.278  0.0000005000
   -4310.058   -9023.492  0.0000005000
   -3693.140   -9293.047  0.0000005000
   -2943.189   -9557.073  0.0000005000
   -2085.172   -9780.187  0.0000005000
   -1169.879   -9931.333  0.0000005000
    -385.346   -9992.573  0.0000005000
    2592.392   -9658.106  0.0000005000
    9556.976   -2943.363  0.0000005000
    9851.854    1714.929  0.0000005000
    9555.603    2947.959  0.0000005000
    9333.905    3588.623  0.0000005000
    9147.771    4039.590  0.0000005000
    8995.880    4367.396  0.0000005000
    8876.379    4605.420  0.0000005000
    8779.815    4786.946  0.0000005000
    8696.268    4937.096  0.0000005000
    8619.211    5070.425  0.0000005000
    8545.694    5193.373  0.0000005000
    8477.856    5303.391  0.0000005000
    8419.082    5396.208  0.0000005000
    8370.951    5470.575  0.0000005000
    8332.693    5528.673  0.0000005000
    8301.073    5576.037  0.0000005000
    8272.291    5618.648  0.0000005000
    8243.815    5660.346  0.0000005000
    8214.457    5702.868  0.0000005000
    8184.529    5745.737  0.0000005000
    8155.959    5786.219  0.0000005000
    8130.311    5822.203  0.0000005000
    8106.645    5855.110  0.0000005000
    8081.928    5889.181  0.0000005000
    8054.096    5927.186  0.0000005000
    8025.000    5966.522  0.0000005000
    7997.022    6003.969  0.0000005000
    7970.622    6038.972  0.0000005000
    7945.912    6071.448  0.0000005000
    7922.758    6101.632  0.0000005000
    7900.801    6130.036  0.0000005000
    7879.459    6157.444  0.0000005000
    7857.908    6184.924  0.0000005000
    7835.576    6213.192  0.0000005000
    7813.228    6241.272  0.0000005000
    7792.773    6266.792  0.0000005000
    7774.767    6289.117  0.0000005000
    7757.885    6309.931  0.0000005000
    7740.392    6331.377  0.0000005000
    7721.115    6354.871  0.0000005000
    7700.435    6379.913  0.0000005000
    7679.796    6404.743  0.0000005000
    7660.830    6427.417  0.0000005000
    7644.402    6446.946  0.0000005000
    7629.195    6464.935  0.0000005000
    7613.334    6483.606  0.0000005000
    7596.747    6503.033  0.0000005000
    7580.652    6521.787  0.0000005000
    7566.027    6538.749  0.0000005000
    7552.840    6553.977  0.0000005000
    7540.424    6568.258  0.0000005000
    7528.671    6581.726  0.0000005000
    7517.351    6594.652  0.0000005000
    7506.110    6607.444  0.0000005000
    7495.707    6619.243  0.0000005000
    7486.765    6629.355  0.0000005000
    7478.687    6638.467  0.0000005000
    7470.798    6647.344  0.0000005000
    7464.538    6654.372  0.0000005000
    7461.450    6657.835  0.0000005000
    7460.369    6659.046  0.0000005000
    7459.834    6659.646  0.0000005000
    7459.666    6659.834  0.0000005000
    7459.073    6660.498  0.0000005000
    7457.772    6661.954  0.0000005000
    7459.077    6660.493  0.0000005000
    7465.249    6653.575  0.0000005000
    7473.349    6644.476  0.0000005000
    7479.582    6637.458  0.0000005000
    7480.238    6636.719  0.0000005000
    7472.435    6645.503  0.0000005000
    7460.152    6659.289  0.0000005000
    7454.431    6665.692  0.0000005000
    7460.746    6658.624  0.0000005000
    7474.937    6642.689  0.0000005000
    7490.995    6624.575  0.0000005000
    7504.614    6609.143  0.0000005000
    7515.937    6596.264  0.0000005000
    7528.265    6582.190  0.0000005000
    7542.576    6565.786  0.0000005000
    7555.106    6551.364  0.0000005000
    7561.707    6543.744  0.0000005000
    7563.243    6541.969  0.0000005000
    7566.785    6537.872  0.0000005000
    7580.378    6522.107  0.0000005000
    7605.229    6493.111  0.0000005000
    7634.884    6458.216  0.0000005000
    7664.743    6422.749  0.0000005000
    7691.368    6390.842  0.0000005000
    7707.515    6371.359  0.0000005000
    7706.600    6372.466  0.0000005000
    7681.885    6402.237  0.0000005000
    7628.341    6465.943  0.0000005000
    7542.562    6565.802  0.0000005000
    7422.917    6700.751  0.0000005000
    7281.320    6854.315  0.0000005000
    7129.804    7011.752  0.0000005000
    6946.836    7193.035  0.0000005000
    6678.133    7443.143  0.0000005000
    6096.027    7926.907  0.0000005000
    3882.750    9215.285  0.0000005000
   -3257.148    5031.687  0.0000005000
   -9992.798     379.460  0.0000005000
   -9994.482    -332.171  0.0000005000
   -9979.911    -633.550  0.0000005000
   -9951.163    -987.096  0.0000005000
   -9924.403   -1227.280  0.0000005000
   -9891.877   -1466.547  0.0000005000
   -9841.187   -1775.118  0.0000005000
   -9775.134   -2108.733  0.0000005000
   -9717.417   -2360.469  0.0000005000
   -9688.437   -2476.730  0.0000005000
   -9683.105   -2497.495  0.0000005000
   -9685.843   -2486.853  0.0000005000
   -9687.447   -2480.600  0.0000005000
   -9685.840   -2486.866  0.0000005000
   -9683.324   -2496.645  0.0000005000
   -9683.051   -2497.704  0.0000005000
   -9685.455   -2488.365  0.0000005000
   -9689.055   -2474.312  0.0000005000
   -9692.582   -2460.459  0.0000005000
   -9696.506   -2444.949  0.0000005000
   -9702.556   -2420.829  0.0000005000
   -9711.359   -2385.267  0.0000005000
   -9721.553   -2343.375  0.0000005000
   -9731.517   -2301.645  0.0000005000
   -9740.379   -2263.848  0.0000005000
   -9747.612   -2232.502  0.0000005000
   -9753.279   -2207.611  0.0000005000
   -9757.909   -2187.054  0.0000005000
   -9762.111   -2168.222  0.0000005000
   -9766.612   -2147.856  0.0000005000
   -9772.140   -2122.563  0.0000005000
   -9779.130   -2090.123  0.0000005000
   -9787.373   -2051.178  0.0000005000
   -9795.944   -2009.848  0.0000005000
   -9804.013   -1970.108  0.0000005000
   -9811.292   -1933.534  0.0000005000
   -9817.732   -1900.562  0.0000005000
   -9823.374   -1871.184  0.0000005000
   -9828.226   -1845.527  0.0000005000
   -9832.198   -1824.251  0.0000005000
   -9835.267   -1807.630  0.0000005000
   -9837.831   -1793.620  0.0000005000
   -9840.445   -1779.226  0.0000005000
   -9843.270   -1763.531  0.0000005000
   -9846.117   -1747.565  0.0000005000
   -9848.759   -1732.614  0.0000005000
   -9851.072   -1719.410  0.0000005000
   -9853.016   -1708.236  0.0000005000
   -9854.618   -1698.972  0.0000005000
   -9855.981   -1691.046  0.0000005000
   -9857.233   -1683.735  0.0000005000
   -9858.423   -1676.754  0.0000005000
   -9859.494   -1670.441  0.0000005000
   -9860.346   -1665.403  0.0000005000
   -9860.900   -1662.123  0.0000005000
   -9861.163   -1660.559  0.0000005000
   -9861.278   -1659.879  0.0000005000
   -9861.429   -1658.983  0.0000005000
   -9861.739   -1657.136  0.0000005000
   -9862.284   -1653.888  0.0000005000
   -9863.100   -1649.017  0.0000005000
   -9864.175   -1642.573  0.0000005000
   -9865.293   -1635.845  0.0000005000
   -9866.059   -1631.219  0.0000005000
   -9866.304   -1629.737  0.0000005000
   -9866.318   -1629.654  0.0000005000
   -9866.565   -1628.160  0.0000005000
   -9867.291   -1623.753  0.0000005000
   -9868.440   -1616.755  0.0000005000
   -9869.937   -1607.589  0.0000005000
   -9871.904   -1595.463  0.0000005000
   -9874.605   -1578.662  0.0000005000
   -9878.466   -1554.317  0.0000005000
   -9883.830   -1519.837  0.0000005000
   -9890.704   -1474.442  0.0000005000
   -9899.040   -1417.394  0.0000005000
   -9908.900   -1346.739  0.0000005000
   -9920.370   -1259.470  0.0000005000
   -9933.452   -1151.753  0.0000005000
   -9947.982   -1018.655  0.0000005000
   -9963.297    -855.991  0.0000005000
   -9978.128    -661.029  0.0000005000
   -9991.003    -424.110  0.0000005000
   -9999.266    -121.126  0.0000005000
   -9995.756     291.316  0.0000005000
   -9962.209     868.555  0.0000005000
   -9872.528    1591.600  0.0000005000
   -9792.789    2025.162  0.0000005000
   -9974.286     716.676  0.0000005000
   -9308.530   -3653.940  0.0000005000
   -7512.759   -6599.883  0.0000005000
   -6961.215   -7179.240  0.0000005000
   -6613.945   -7429.334  0.0000005000
   -5531.987   -5943.624  0.0000005000
   -1485.732   -3431.362  0.0000005000
    5677.849   -3146.461  0.0000005000
    9175.381   -3976.163  0.0000005000
    8824.870   -4703.180  0.0000005000
    8319.738   -5548.062  0.0000005000
    7890.454   -6143.333  0.0000005000
    7565.218   -6539.685  0.0000005000
    7337.886   -6793.778  0.0000005000
    7181.669   -6958.708  0.0000005000
    7072.900   -7069.236  0.0000005000
    6994.919   -7146.405  0.0000005000
    6938.205   -7201.479  0.0000005000
    6894.841   -7243.009  0.0000005000
    6859.765   -7276.237  0.0000005000
    6830.906   -7303.336  0.0000005000
    6809.687   -7323.125  0.0000005000
    6798.673   -7333.351  0.0000005000
    6799.435   -7332.645  0.0000005000
    6810.651   -7322.228  0.0000005000
    6827.782   -7306.257  0.0000005000
    6846.358   -7288.854  0.0000005000
    6864.209   -7272.044  0.0000005000
    6881.393   -7255.786  0.0000005000
    6899.228   -7238.829  0.0000005000
    6919.528   -7219.428  0.0000005000
    6945.901   -7194.058  0.0000005000
    6982.135   -7158.896  0.0000005000
    7024.838   -7116.997  0.0000005000
    7063.163   -7078.964  0.0000005000
    7093.636   -7048.427  0.0000005000
    7121.923   -7019.844  0.0000005000
    7151.033   -6990.188  0.0000005000
    7182.110   -6958.254  0.0000005000
    7217.161   -6921.892  0.0000005000
    7254.452   -6882.799  0.0000005000
    7290.446   -6844.662  0.0000005000
    7325.189   -6807.466  0.0000005000
    7361.180   -6768.532  0.0000005000
    7400.569   -6725.443  0.0000005000
    7442.261   -6679.278  0.0000005000
    7481.067   -6635.784  0.0000005000
    7513.577   -6598.952  0.0000005000
    7542.173   -6566.249  0.0000005000
    7569.928   -6534.232  0.0000005000
    7597.852   -6501.742  0.0000005000
    7626.322   -6468.323  0.0000005000
    7654.647   -6434.779  0.0000005000
    7681.541   -6402.650  0.0000005000
    7707.468   -6371.416  0.0000005000
    7735.934   -6336.823  0.0000005000
    7771.299   -6293.402  0.0000005000
    7811.661   -6243.233  0.0000005000
    7846.153   -6199.830  0.0000005000
    7865.661   -6175.062  0.0000005000
    7872.527   -6166.305  0.0000005000
    7873.263   -6165.366  0.0000005000
    7870.162   -6169.324  0.0000005000
    7863.024   -6178.419  0.0000005000
    7851.256   -6193.365  0.0000005000
    7834.143   -6214.998  0.0000005000
    7810.720   -6244.410  0.0000005000
    7779.644   -6283.083  0.0000005000
    7739.885   -6331.996  0.0000005000
    7691.401   -6390.802  0.0000005000
    7634.924   -6458.168  0.0000005000
    7570.564   -6533.495  0.0000005000
    7495.028   -6620.012  0.0000005000
    7399.832   -6726.254  0.0000005000
    7270.212   -6866.150  0.0000005000
    7082.407   -7059.710  0.0000005000
    6792.730   -7338.857  0.0000005000
    6305.403   -7761.563  0.0000005000
    5414.027   -8407.601  0.0000005000
    4066.565   -9135.752  0.0000005000
    4674.009   -8840.373  0.0000005000
    9361.314   -2191.923  0.0000005000
    9992.404    -388.833  0.0000005000
    9931.022   -1172.098  0.0000005000
    9885.068   -1511.357  0.0000005000
    9914.360   -1305.425  0.0000005000
    9969.108    -784.565  0.0000005000
    9987.959    -489.154  0.0000005000
    9982.015    -598.196  0.0000005000
    9963.134    -856.882  0.0000005000
    9941.965   -1074.926  0.0000005000
    9930.702   -1174.374  0.0000005000
    9951.441    -983.257  0.0000005000
    9993.877    -347.182  0.0000005000
    9992.973     372.560  0.0000005000
    9974.899     706.981  0.0000005000
    9966.938     811.554  0.0000005000
    9951.978     978.108  0.0000005000
    9902.409    1393.222  0.0000005000
    9778.402    2093.319  0.0000005000
    9604.938    2782.924  0.0000005000
    9452.389    3263.768  0.0000005000
    9333.405    3589.924  0.0000005000
    9243.614    3815.180  0.0000005000
    9173.497    3980.824  0.0000005000
    9111.221    4121.365  0.0000005000
    9046.830    4260.854  0.0000005000
    8980.584    4398.763  0.0000005000
    8920.532    4519.303  0.0000005000
    8874.694    4608.667  0.0000005000
    8842.517    4670.107  0.0000005000
    8815.576    4720.765  0.0000005000
    8784.383    4778.558  0.0000005000
    8743.073    4853.727  0.0000005000
    8693.754    4941.523  0.0000005000
    8644.575    5027.059  0.0000005000
    8600.499    5102.100  0.0000005000
    8559.996    5169.764  0.0000005000
    8518.658    5237.601  0.0000005000
    8472.852    5311.382  0.0000005000
    8421.796    5391.972  0.0000005000
    8367.111    5476.445  0.0000005000
    8310.737    5561.623  0.0000005000
    8253.464    5646.267  0.0000005000
    8195.050    5730.721  0.0000005000
    8134.605    5816.202  0.0000005000
    8071.070    5904.052  0.0000005000
    8003.690    5995.077  0.0000005000
    7932.131    6089.442  0.0000005000
    7856.289    6186.980  0.0000005000
    7775.996    6287.598  0.0000005000
    7691.242    6390.993  0.0000005000
    7602.737    6496.028  0.0000005000
    7511.654    6601.140  0.0000005000
    7417.989    6706.223  0.0000005000
    7320.238    6812.791  0.0000005000
    7215.668    6923.448  0.0000005000
    7098.869    7043.157  0.0000005000
    6965.227    7175.348  0.0000005000
    6816.603    7316.688  0.0000005000
    6658.007    7461.297  0.0000005000
    6490.659    7607.322  0.0000005000
    6310.482    7757.437  0.0000005000
    6110.014    7916.295  0.0000005000
    5882.039    8087.127  0.0000005000
    5622.552    8269.638  0.0000005000
    5329.401    8461.530  0.0000005000
    4997.344    8661.787  0.0000005000
    4613.392    8872.238  0.0000005000
    4157.209    9094.923  0.0000005000
    3605.280    9327.484  0.0000005000
    2926.854    9562.088  0.0000005000
    2074.205    9782.519  0.0000005000
     974.416    9952.412  0.0000005000
    -463.915    9989.233  0.0000005000
   -2254.860    9742.464  0.0000005000
   -4233.248    9059.780  0.0000005000
   -6298.465    7767.197  0.0000005000
   -8278.800    5609.052  0.0000005000
   -9747.518    2232.913  0.0000005000
   -9592.228   -2826.512  0.0000005000
   -7471.721   -6646.306  0.0000005000
   -5248.469   -8511.967  0.0000005000
   -3155.332   -9489.146  0.0000005000
   -1472.394   -9891.009  0.0000005000
    -210.529   -9997.784  0.0000005000
     739.904   -9972.590  0.0000005000
    1478.133   -9890.153  0.0000005000
    2062.013   -9785.096  0.0000005000
    2532.749   -9673.943  0.0000005000
    2922.899   -9563.298  0.0000005000
    3253.854   -9455.815  0.0000005000
    3530.803   -9355.930  0.0000005000
    3752.538   -9269.221  0.0000005000
    3925.612   -9197.259  0.0000005000
    4061.505   -9138.062  0.0000005000
    4168.807   -9089.612  0.0000005000
    4254.292   -9049.917  0.0000005000
    4323.414   -9017.100  0.0000005000
    4379.547   -8989.971  0.0000005000
    4423.890   -8968.233  0.0000005000
    4454.793   -8952.923  0.0000005000
    4468.243   -8946.217  0.0000005000
    4461.672   -8949.496  0.0000005000
    4437.261   -8961.625  0.0000005000
    4399.128   -8980.405  0.0000005000
    4347.315   -9005.601  0.0000005000
    4275.801   -9039.775  0.0000005000
    4178.469   -9085.174  0.0000005000
    4055.133   -9140.892  0.0000005000
    3910.493   -9203.697  0.0000005000
    3751.275   -9269.732  0.0000005000
    3582.117   -9336.404  0.0000005000
    3400.773   -9403.975  0.0000005000
    3202.184   -9473.438  0.0000005000
    2986.138   -9543.740  0.0000005000
    2761.135   -9611.250  0.0000005000
    2540.089   -9672.019  0.0000005000
    2321.908   -9726.703  0.0000005000
    2082.451   -9780.767  0.0000005000
    1791.125   -9838.286  0.0000005000
    1433.101   -9896.778  0.0000005000
    1010.972   -9948.765  0.0000005000
     534.426   -9985.709  0.0000005000
      17.456   -9999.985  0.0000005000
    -533.576   -9985.755  0.0000005000
   -1119.006   -9937.194  0.0000005000
   -1717.773   -9851.358  0.0000005000
   -2266.330   -9739.802  0.0000005000
   -2756.515   -9612.576  0.0000005000
   -3206.516   -9471.972  0.0000005000
   -3552.935   -9347.548  0.0000005000
   -3913.960   -9202.223  0.0000005000
   -4459.117   -8950.770  0.0000005000
   -5236.665   -8519.234  0.0000005000
   -6276.161   -7785.230  0.0000005000
   -7367.846   -6761.275  0.0000005000
   -8386.905   -5446.084  0.0000005000
   -9214.753   -3884.369  0.0000005000
   -9758.328   -2185.187  0.0000005000
   -9990.402    -438.035  0.0000005000
   -9913.463    1312.728  0.0000005000
   -9544.892    2982.454  0.0000005000
   -8935.787    4489.066  0.0000005000
   -8124.991    5829.625  0.0000005000
   -7177.761    6962.740  0.0000005000
   -6200.814    7845.375  0.0000005000
   -5295.791    8482.605  0.0000005000
   -4495.507    8932.548  0.0000005000
   -3792.019    9253.139  0.0000005000
   -3177.552    9481.728  0.0000005000
   -2654.490    9641.249  0.0000005000
   -2219.986    9750.470  0.0000005000
   -1863.627    9824.810  0.0000005000
   -1570.515    9875.904  0.0000005000
   -1330.966    9911.031  0.0000005000
