#     ./results/pulse675
#    te=  0.996660486
#    nodcheck= 100
#    left edge= -10000
#    right edge= 10000
 -5747.13913  8183.54396  4.99999999E-07
 -5756.01531  8177.30321  4.99999999E-07
 -8474.81748  5308.24534  4.99999999E-07
 -9827.32441  1850.32295  4.99999999E-07
 -9815.4367 -154.647332  4.99999999E-07
 -5916.80724 -1053.63942  4.99999999E-07
 -4732.09615 -1695.71083  4.99999999E-07
 -5076.31875 -2495.25835  4.99999999E-07
 -5781.50059 -3131.58955  4.99999999E-07
 -5690.45251 -3729.51329  4.99999999E-07
 -3116.52753 -4624.13943  4.99999999E-07
  2695.90653 -3318.03076  4.99999999E-07
  4733.73871 -2576.41128  4.99999999E-07
  2613.99322 -5012.51526  4.99999999E-07
 -456.646082 -6070.87203  4.99999999E-07
 -1225.33225 -6174.65537  4.99999999E-07
 -975.283897 -6417.74548  4.99999999E-07
  2028.98303 -1541.62725  4.99999999E-07
  5821.40136  4122.39363  4.99999999E-07
  7094.81562  3201.29872  4.99999999E-07
  8797.66114  1857.71297  4.99999999E-07
  6703.63839 -4734.76184  4.99999999E-07
  1676.63369 -8160.18815  4.99999999E-07
  1555.05487 -8249.90733  4.99999999E-07
  2059.23645 -8585.03242  4.99999999E-07
  2911.76969 -9074.33091  4.99999999E-07
  3912.54629 -9202.82465  4.99999999E-07
  4912.00418 -8710.46583  4.99999999E-07
  5771.10733 -8166.65906  4.99999999E-07
  6366.77092 -7711.30521  4.99999999E-07
  6800.63205 -7331.53489  4.99999999E-07
  7232.92351 -6905.41943  4.99999999E-07
  7556.7974 -6549.41319  4.99999999E-07
  7672.95939 -6412.93179  4.99999999E-07
  7666.74121 -6420.36441  4.99999999E-07
  7644.77843 -6446.50003  4.99999999E-07
  7643.05964 -6448.53776  4.99999999E-07
  7695.02914 -6386.433  4.99999999E-07
  7939.4536 -6079.89116  4.99999999E-07
  8582.49425 -5132.32818  4.99999999E-07
  9265.43636 -3761.87308  4.99999999E-07
  9308.70761 -3653.48636  4.99999999E-07
  9360.24712 -3519.3428  4.99999999E-07
  9567.23094 -2909.99865  4.99999999E-07
  9809.21067 -1944.06431  4.99999999E-07
  9949.25095 -1006.18364  4.99999999E-07
  7635.36454 -6329.19473  4.99999999E-07
  3350.76589 -9421.90893  4.99999999E-07
  2784.58672 -9604.48212  4.99999999E-07
  2093.86118 -9778.3304  4.99999999E-07
  1075.19295 -9942.02998  4.99999999E-07
 -696.063616 -9975.74536  4.99999999E-07
 -3689.07691 -7878.73216  4.99999999E-07
 -5132.62147 -3410.54289  4.99999999E-07
 -5595.35645 -1936.16652  4.99999999E-07
 -6384.09842 -4756.14126  4.99999999E-07
 -5057.09781 -8627.03667  4.99999999E-07
 -4357.5644 -9000.64623  4.99999999E-07
 -5788.49653 -8154.34289  4.99999999E-07
 -8752.90991 -4835.17301  4.99999999E-07
 -9718.30092  122.377509  4.99999999E-07
 -9741.09199  2256.70922  4.99999999E-07
 -9512.27153  3083.12193  4.99999999E-07
 -9226.19635  3856.71042  4.99999999E-07
 -8543.08758  5197.65857  4.99999999E-07
 -7153.48246  6987.68121  4.99999999E-07
 -5814.44563  8135.86025  4.99999999E-07
 -6337.80525  7735.12925  4.99999999E-07
 -7782.49644  6279.55008  4.99999999E-07
 -7906.78733  6122.31281  4.99999999E-07
 -6536.30352  7568.13955  4.99999999E-07
 -5005.0233  8657.35189  4.99999999E-07
 -4072.65189  9133.09951  4.99999999E-07
 -3275.13795  9448.46397  4.99999999E-07
 -2788.5639  9603.32814  4.99999999E-07
 -2914.01457  9249.76618  4.99999999E-07
 -6659.6679  7459.8139  4.99999999E-07
 -8284.2173  5601.04845  4.99999999E-07
 -8432.50013  5375.2155  4.99999999E-07
 -8639.62046  5035.56931  4.99999999E-07
 -9403.11738  3403.14318  4.99999999E-07
 -9194.97714  3930.9535  4.99999999E-07
 -8363.68209  5481.68057  4.99999999E-07
 -6659.70563  7459.78022  4.99999999E-07
 -6160.36822  7877.17357  4.99999999E-07
 -7010.87221  7130.75528  4.99999999E-07
 -7248.615  6888.94626  4.99999999E-07
 -7414.53466  6710.04291  4.99999999E-07
 -7902.03003  6128.4518  4.99999999E-07
 -8414.28651  5403.68232  4.99999999E-07
 -8400.98756  5424.3348  4.99999999E-07
 -8255.39714  5643.44027  4.99999999E-07
 -8004.35747  5994.18564  4.99999999E-07
 -7731.67577  6342.0178  4.99999999E-07
 -7600.54325  6498.59541  4.99999999E-07
 -7519.18558  6592.56007  4.99999999E-07
 -7338.36556  6793.2607  4.99999999E-07
 -7005.39881  7136.13253  4.99999999E-07
 -6781.48172  7349.25205  4.99999999E-07
 -6612.01075  7502.0873  4.99999999E-07
 -6501.09522  7598.40515  4.99999999E-07
 -7625.06087  6469.81041  4.99999999E-07
 -7448.85719  6671.92076  4.99999999E-07
 -7324.08009  6808.65999  4.99999999E-07
 -6367.60306  7710.61809  4.99999999E-07
 -5652.27001  8249.35414  4.99999999E-07
 -5221.5785  8528.48861  4.99999999E-07
 -5662.91216  8242.05229  4.99999999E-07
 -6524.13594  7578.63116  4.99999999E-07
 -6810.83751  7322.0552  4.99999999E-07
 -6603.01752  7510.00397  4.99999999E-07
 -6234.0844  7818.96359  4.99999999E-07
 -5531.8351  8330.59424  4.99999999E-07
 -5091.25634  8606.92215  4.99999999E-07
 -4911.57797  8710.70616  4.99999999E-07
 -4914.26609  8709.18991  4.99999999E-07
 -4980.87238  8671.26925  4.99999999E-07
 -4874.89153  8731.29043  4.99999999E-07
 -4601.45592  8878.43474  4.99999999E-07
 -4111.87144  9115.50949  4.99999999E-07
 -3712.09928  9285.4897  4.99999999E-07
 -3564.82552  9343.0198  4.99999999E-07
 -3493.86299  9369.78769  4.99999999E-07
 -3393.66513  9406.54224  4.99999999E-07
 -3275.47726  9448.34635  4.99999999E-07
 -3489.61288  9371.3714  4.99999999E-07
 -3407.90004  9401.39443  4.99999999E-07
 -4216.5066  9067.58359  4.99999999E-07
 -3575.50858  9338.93668  4.99999999E-07
 -2803.58012  9598.95507  4.99999999E-07
 -2212.34586  9752.2062  4.99999999E-07
 -1480.19629  9889.84423  4.99999999E-07
 -914.450265  9958.10126  4.99999999E-07
 -713.952921  9974.481  4.99999999E-07
 -704.607881  9975.1455  4.99999999E-07
 -704.276236  9975.16892  4.99999999E-07
 -653.672506  9978.61274  4.99999999E-07
 -559.189963  9984.35309  4.99999999E-07
 -289.344802  9995.8131  4.99999999E-07
  466.676586  9989.10471  4.99999999E-07
  1332.81961  9910.7816  4.99999999E-07
  1827.10013  9831.66848  4.99999999E-07
  1758.99403  9844.08147  4.99999999E-07
  658.30542  9978.30817  4.99999999E-07
  86.8336038  9999.62299  4.99999999E-07
  431.458666  9990.68784  4.99999999E-07
  1777.00444  9840.84627  4.99999999E-07
  3326.85486  9430.3784  4.99999999E-07
  4343.91904  9007.23972  4.99999999E-07
  5428.61386  8398.22312  4.99999999E-07
  6545.74247  7559.97722  4.99999999E-07
  3090.5021  4938.3244  4.99999999E-07
  2275.92137  5337.82191  4.99999999E-07
  1610.46024  5933.30347  4.99999999E-07
  1084.9392  7133.81331  4.99999999E-07
  1032.64581  9016.2108  4.99999999E-07
  2088.72631  9777.86498  4.99999999E-07
  8322.03177  3838.17164  4.99999999E-07
  9658.98787 -2589.19937  4.99999999E-07
  9367.62905 -3499.64655  4.99999999E-07
  9037.28295 -2309.59249  4.99999999E-07
  3988.93702  6477.63659  4.99999999E-07
  4053.2917  7431.93196  4.99999999E-07
  6976.6236  5075.8862  4.99999999E-07
  9268.20717 -3021.9429  4.99999999E-07
  8609.97027 -5086.09988  4.99999999E-07
  8029.23566 -5960.81998  4.99999999E-07
  7457.96498 -6661.73839  4.99999999E-07
  6606.6898 -7506.7736  4.99999999E-07
  4096.23385 -9122.54724  4.99999999E-07
  393.561873 -9292.20768  4.99999999E-07
 -480.052548 -8839.73649  4.99999999E-07
 -189.2059 -9604.34901  4.99999999E-07
  227.431929 -9997.4134  4.99999999E-07
  121.477535 -9999.26213  4.99999999E-07
  6344.91563 -4537.72513  4.99999999E-07
  9748.71522 -2227.67851  4.99999999E-07
  9554.32062 -2952.11068  4.99999999E-07
  9489.48532 -3154.30949  4.99999999E-07
  1345.96386 -9909.00506  4.99999999E-07
  1544.06971 -9880.07332  4.99999999E-07
  1834.46367 -9830.2972  4.99999999E-07
  3766.07156 -9263.73062  4.99999999E-07
  6257.13685 -7800.52809  4.99999999E-07
  6152.92928 -7882.98556  4.99999999E-07
  5492.72162 -8356.4352  4.99999999E-07
  4632.36246 -8862.34834  4.99999999E-07
  2008.64824 -9796.18968  4.99999999E-07
 -1317.79208 -6215.90967  4.99999999E-07
  124.419804 -5394.47935  4.99999999E-07
  3394.28732 -4583.43517  4.99999999E-07
  8310.42335 -5452.28451  4.99999999E-07
  7512.08493 -6600.64997  4.99999999E-07
  6532.76235 -7571.19648  4.99999999E-07
  5673.05322 -8235.07542  4.99999999E-07
  4785.68606 -8780.50163  4.99999999E-07
  1979.73016 -9802.0747  4.99999999E-07
 -2027.07488 -7685.1734  4.99999999E-07
 -468.740568 -6117.76374  4.99999999E-07
  3630.67612 -4169.50276  4.99999999E-07
  8582.17881 -5132.85562  4.99999999E-07
  7425.34445 -6698.07881  4.99999999E-07
  6835.4095 -7299.12166  4.99999999E-07
  4560.16874 -8899.71129  4.99999999E-07
  2837.48576 -9588.38022  4.99999999E-07
  6929.22814 -7210.11771  4.99999999E-07
  8426.60328 -5384.45514  4.99999999E-07
  8420.1238 -5394.58202  4.99999999E-07
  8716.35179 -4901.55194  4.99999999E-07
  9248.86099 -3647.61073  4.99999999E-07
  1800.69008 -4449.77331  4.99999999E-07
  493.194448 -5332.08275  4.99999999E-07
  875.445498 -4610.30523  4.99999999E-07
  1801.88532 -3368.21194  4.99999999E-07
  5754.12025 -1313.8203  4.99999999E-07
  8560.09808 -5169.59582  4.99999999E-07
  8329.77358 -5533.07076  4.99999999E-07
  8223.2241 -5690.21839  4.99999999E-07
  7548.10264 -6448.97151  4.99999999E-07
  5194.68146 -7631.20058  4.99999999E-07
  5528.92838 -7364.48861  4.99999999E-07
  6945.74357 -6635.00314  4.99999999E-07
  7873.77819 -6042.06709  4.99999999E-07
  8324.11489 -5541.58022  4.99999999E-07
  7910.29583 -1967.96645  4.99999999E-07
  5038.74905  913.905217  4.99999999E-07
  2722.93896 -5038.83375  4.99999999E-07
  6589.42708 -6502.3023  4.99999999E-07
  7722.85384 -6029.37352  4.99999999E-07
  6588.62684 -6460.7744  4.99999999E-07
  4473.45318 -427.775821  4.99999999E-07
  8588.36488  4696.37882  4.99999999E-07
  8795.98917  4756.53521  4.99999999E-07
  9831.57305  1827.0535  4.99999999E-07
  9953.8191 -959.940305  4.99999999E-07
  9983.76799 -569.540852  4.99999999E-07
  9998.35583 -181.33053  4.99999999E-07
  9999.99983 -1.82278385  4.99999999E-07
  9998.354 -181.431042  4.99999999E-07
  9861.73576 -1657.15655  4.99999999E-07
  9485.78439 -3165.42169  4.99999999E-07
  9906.63929 -1363.26736  4.99999999E-07
  9999.90441  43.723463  4.99999999E-07
  9996.0837  279.840388  4.99999999E-07
  9994.71741  324.998351  4.99999999E-07
  9993.40572  363.100585  4.99999999E-07
  9998.05219  197.36352  4.99999999E-07
  9993.77479  352.796529  4.99999999E-07
  9985.71243  534.36632  4.99999999E-07
  9894.25187  1450.4413  4.99999999E-07
  9822.29898  1876.81718  4.99999999E-07
  9967.28998  808.164905  4.99999999E-07
  9986.00921  528.79121  4.99999999E-07
  9995.16878  310.807111  4.99999999E-07
  9998.96429 -143.920352  4.99999999E-07
  9969.913 -775.135364  4.99999999E-07
  9972.96429 -734.835581  4.99999999E-07
  9993.33542 -365.030354  4.99999999E-07
  9999.92816 -37.9038359  4.99999999E-07
  9997.39641  228.177484  4.99999999E-07
  9967.00032  811.729369  4.99999999E-07
  9954.64009  951.388764  4.99999999E-07
  9988.66409  476.014297  4.99999999E-07
  9999.69316 -78.3368402  4.99999999E-07
  9998.65846 -163.795537  4.99999999E-07
  9999.02395 -139.714459  4.99999999E-07
  9999.15967 -129.637253  4.99999999E-07
  9998.99669 -141.651574  4.99999999E-07
  9998.15576 -192.04511  4.99999999E-07
  9997.20158 -236.559763  4.99999999E-07
  9998.57812 -168.628679  4.99999999E-07
  9999.131  131.830287  4.99999999E-07
  9986.61641  517.196942  4.99999999E-07
  9965.71481  827.362225  4.99999999E-07
  9926.81245  1207.64011  4.99999999E-07
  9847.76908  1738.23017  4.99999999E-07
  9759.49986  2179.94552  4.99999999E-07
  9704.2255  2414.12665  4.99999999E-07
  9756.5529  2193.09723  4.99999999E-07
  9856.61637  1687.33922  4.99999999E-07
  9891.60415  1468.38936  4.99999999E-07
  9935.73004  1131.93136  4.99999999E-07
  9945.36311  1043.91218  4.99999999E-07
  9848.95057  1731.52321  4.99999999E-07
  9675.38841  2527.22361  4.99999999E-07
  9524.55241  3046.7854  4.99999999E-07
  9342.16145  3567.07435  4.99999999E-07
  9122.61874  4096.07463  4.99999999E-07
  8983.25355  4393.30806  4.99999999E-07
  9070.02453  4211.25339  4.99999999E-07
  9061.3067  4229.97883  4.99999999E-07
  8919.50652  4521.32762  4.99999999E-07
  8600.88375  5101.45065  4.99999999E-07
  6029.41354  7977.85513  4.99999999E-07
  4369.79249  8994.71587  4.99999999E-07
  2977.42889  9546.46098  4.99999999E-07
  6318.48193  7750.92163  4.99999999E-07
  8066.57236  5910.19545  4.99999999E-07
  7400.21958  6725.8271  4.99999999E-07
  6576.37453  7533.34574  4.99999999E-07
  5607.93458  8156.30934  4.99999999E-07
  4118.98667  7326.6117  4.99999999E-07
  1561.4667  5319.58129  4.99999999E-07
 -3234.97963  7537.34492  4.99999999E-07
 -992.578907  9494.16986  4.99999999E-07
 -969.914558  9879.06742  4.99999999E-07
 -2681.35411  8421.94745  4.99999999E-07
 -7095.04066  2129.96208  4.99999999E-07
 -9999.96841  25.1353155  4.99999999E-07
 -9988.95016 -469.973125  4.99999999E-07
 -9999.85026 -54.724616  4.99999999E-07
 -8237.40378  5667.0545  4.99999999E-07
 -9191.15057  3939.73555  4.99999999E-07
 -9642.13328  2651.27626  4.99999999E-07
 -9917.67172  1280.54192  4.99999999E-07
 -9375.06721 -3479.67165  4.99999999E-07
 -8817.59788 -4716.98713  4.99999999E-07
 -8814.10271 -4723.51494  4.99999999E-07
 -8653.84254 -5011.08863  4.99999999E-07
 -8355.85385 -5493.60596  4.99999999E-07
 -8220.12463 -5694.69499  4.99999999E-07
 -8175.4853 -5758.59706  4.99999999E-07
 -8112.76796 -5846.62262  4.99999999E-07
 -8101.45898 -5862.28304  4.99999999E-07
 -8130.78269 -5821.54385  4.99999999E-07
 -8156.17525 -5785.91439  4.99999999E-07
 -7734.9615 -6338.00999  4.99999999E-07
 -7197.10165 -6942.74642  4.99999999E-07
 -7171.76888 -6968.91176  4.99999999E-07
 -7218.91414 -6920.06348  4.99999999E-07
 -7152.05981 -6989.13732  4.99999999E-07
 -7096.22103 -7045.8248  4.99999999E-07
 -7043.76222 -7098.26836  4.99999999E-07
 -6973.12003 -7167.67724  4.99999999E-07
 -6876.21121 -7260.6969  4.99999999E-07
 -6792.16984 -7339.37524  4.99999999E-07
 -6741.4799 -7385.96295  4.99999999E-07
 -6706.91544 -7417.36377  4.99999999E-07
 -6673.83014 -7447.14652  4.99999999E-07
 -6639.10269 -7478.12245  4.99999999E-07
 -6626.34338 -7489.43078  4.99999999E-07
 -6631.76569 -7484.62984  4.99999999E-07
 -6645.11844 -7472.77732  4.99999999E-07
 -6659.19905 -7460.23244  4.99999999E-07
 -6797.19201 -7334.72431  4.99999999E-07
 -6865.98292 -7270.36991  4.99999999E-07
 -6895.08771 -7242.77333  4.99999999E-07
 -6920.50191 -7218.49384  4.99999999E-07
 -6941.31604 -7198.48121  4.99999999E-07
 -6969.31499 -7171.37703  4.99999999E-07
 -7032.45563 -7109.47029  4.99999999E-07
 -7088.90593 -7053.18458  4.99999999E-07
 -7147.07106 -6994.23872  4.99999999E-07
 -7207.7413 -6931.70003  4.99999999E-07
 -7269.20821 -6867.21282  4.99999999E-07
 -7330.78189 -6801.44373  4.99999999E-07
 -7396.72002 -6729.67555  4.99999999E-07
 -7467.30228 -6651.27031  4.99999999E-07
 -7547.91183 -6559.65143  4.99999999E-07
 -7635.63455 -6457.328  4.99999999E-07
 -7711.22172 -6366.87204  4.99999999E-07
 -7786.3757 -6274.73931  4.99999999E-07
 -7852.99162 -6191.16489  4.99999999E-07
 -7929.81577 -6092.45615  4.99999999E-07
 -8010.63385 -5985.79529  4.99999999E-07
 -8098.01726 -5867.03643  4.99999999E-07
 -8182.73521 -5748.29057  4.99999999E-07
 -8262.14638 -5633.55457  4.99999999E-07
 -8340.65499 -5516.65428  4.99999999E-07
 -8419.71164 -5395.22529  4.99999999E-07
 -8499.86042 -5268.05209  4.99999999E-07
 -8580.68521 -5135.35211  4.99999999E-07
 -8661.8068 -4997.30957  4.99999999E-07
 -8730.41717 -4876.45528  4.99999999E-07
 -8800.25715 -4749.26038  4.99999999E-07
 -8875.25415 -4607.58763  4.99999999E-07
 -8950.47316 -4459.7119  4.99999999E-07
 -9033.54337 -4288.95025  4.99999999E-07
 -9100.65604 -4144.64229  4.99999999E-07
 -9166.705 -3996.43835  4.99999999E-07
 -9230.54819 -3846.6843  4.99999999E-07
 -9291.77579 -3696.33639  4.99999999E-07
 -9350.83229 -3544.28207  4.99999999E-07
 -9408.18161 -3389.11769  4.99999999E-07
 -9463.44207 -3231.60396  4.99999999E-07
 -9516.0276 -3073.30745  4.99999999E-07
 -9570.40507 -2899.54252  4.99999999E-07
 -9621.91361 -2723.74348  4.99999999E-07
 -9666.5641 -2560.76912  4.99999999E-07
 -9708.65875 -2396.23565  4.99999999E-07
 -9747.9982 -2230.81401  4.99999999E-07
 -9782.45693 -2074.49669  4.99999999E-07
 -9813.66575 -1921.44854  4.99999999E-07
 -9844.95776 -1754.08285  4.99999999E-07
 -9872.68295 -1590.63869  4.99999999E-07
 -9899.83679 -1411.81849  4.99999999E-07
 -9923.16302 -1237.26946  4.99999999E-07
 -9942.40767 -1071.69481  4.99999999E-07
 -9958.76684 -907.173145  4.99999999E-07
 -9972.32034 -743.523417  4.99999999E-07
 -9982.85822 -585.27065  4.99999999E-07
 -9990.82219 -428.336315  4.99999999E-07
 -9996.45781 -266.141544  4.99999999E-07
 -9999.46086 -103.838985  4.99999999E-07
 -9999.83313  57.7693913  4.99999999E-07
 -9997.61598  218.345585  4.99999999E-07
 -9992.82841  378.656052  4.99999999E-07
 -9985.43739  539.481443  4.99999999E-07
 -9976.22418  689.16694  4.99999999E-07
 -9964.94087  836.632166  4.99999999E-07
 -9951.244  986.277239  4.99999999E-07
 -9934.33385  1144.12015  4.99999999E-07
 -9915.59946  1296.49038  4.99999999E-07
 -9894.73497  1447.14198  4.99999999E-07
 -9871.60497  1597.31503  4.99999999E-07
 -9846.25671  1746.77667  4.99999999E-07
 -9818.86718  1894.68921  4.99999999E-07
 -9789.98865  2038.65697  4.99999999E-07
 -9760.16907  2176.94732  4.99999999E-07
 -9728.58041  2314.02749  4.99999999E-07
 -9694.83505  2451.56549  4.99999999E-07
 -9659.09179  2588.81165  4.99999999E-07
 -9621.56005  2724.99216  4.99999999E-07
 -9582.33623  2859.86581  4.99999999E-07
 -9541.49944  2993.29058  4.99999999E-07
 -9499.10225  3125.22903  4.99999999E-07
 -9455.14106  3255.81136  4.99999999E-07
 -9409.61232  3385.14343  4.99999999E-07
 -9362.47563  3513.41004  4.99999999E-07
 -9316.27147  3634.15547  4.99999999E-07
 -9267.09394  3757.78791  4.99999999E-07
 -9213.69833  3886.87061  4.99999999E-07
 -9158.36975  4015.50289  4.99999999E-07
 -9098.17126  4150.09394  4.99999999E-07
 -9035.48041  4284.868  4.99999999E-07
 -8972.81455  4414.58935  4.99999999E-07
 -8903.92466  4551.93647  4.99999999E-07
 -8848.60328  4658.56415  4.99999999E-07
 -8797.0652  4755.17022  4.99999999E-07
 -8736.96296  4864.71769  4.99999999E-07
 -8646.88927  5023.07735  4.99999999E-07
 -8560.6516  5168.67916  4.99999999E-07
 -8473.0646  5311.04286  4.99999999E-07
 -8363.83009  5481.45475  4.99999999E-07
 -8253.2192  5646.62491  4.99999999E-07
 -8160.54769  5779.74578  4.99999999E-07
 -8114.26513  5844.54459  4.99999999E-07
 -8074.75557  5899.01029  4.99999999E-07
 -7959.78579  6053.2479  4.99999999E-07
 -7755.75489  6312.5483  4.99999999E-07
 -7561.87552  6543.54939  4.99999999E-07
 -7369.28028  6759.71214  4.99999999E-07
 -7172.27439  6968.3915  4.99999999E-07
 -7018.29203  7123.45261  4.99999999E-07
 -6836.82025  7297.80027  4.99999999E-07
 -6592.56969  7519.17714  4.99999999E-07
 -6306.86743  7760.3752  4.99999999E-07
 -5951.65706  8036.03001  4.99999999E-07
 -5474.2826  8368.52615  4.99999999E-07
 -4596.27663  8881.11711  4.99999999E-07
 -3397.21924  9405.25924  4.99999999E-07
 -3774.99717  9260.09699  4.99999999E-07
 -4059.37747  9139.0073  4.99999999E-07
 -4408.63824  8975.74002  4.99999999E-07
 -3172.27117  9483.49596  4.99999999E-07
 -2142.78144  9767.72684  4.99999999E-07
 -1404.07335  9900.93824  4.99999999E-07
 -286.631547  9995.89127  4.99999999E-07
  2874.23001  9578.03747  4.99999999E-07
  3891.88087  9211.58311  4.99999999E-07
  4384.05329  8987.77374  4.99999999E-07
  5221.14234  8528.75564  4.99999999E-07
  6172.44831  7867.71135  4.99999999E-07
  7117.35208  7024.47859  4.99999999E-07
  8060.37531  5918.64426  4.99999999E-07
  9460.41974  3240.44106  4.99999999E-07
  9700.43248  2429.3229  4.99999999E-07
  9810.58678  1937.10791  4.99999999E-07
  9951.94865  979.141462  4.99999999E-07
  9928.10753  1196.94648  4.99999999E-07
  9811.9328  1930.27841  4.99999999E-07
  9684.79244  2490.94266  4.99999999E-07
  9424.6738  3342.98128  4.99999999E-07
  9830.14732  1835.26663  4.99999999E-07
  9999.8608 -52.7627441  4.99999999E-07
  9890.12615 -1478.31145  4.99999999E-07
  9915.22857 -1299.32383  4.99999999E-07
  9860.15388 -1666.54294  4.99999999E-07
  9713.38544 -2377.00301  4.99999999E-07
  9860.71297 -1663.23171  4.99999999E-07
  9999.83484 -57.4740424  4.99999999E-07
  9958.84238 -906.343483  4.99999999E-07
  9892.21834 -1464.24602  4.99999999E-07
  9815.09325 -1914.1433  4.99999999E-07
  9714.89966 -2370.80676  4.99999999E-07
  9613.79506 -2752.2617  4.99999999E-07
  9531.75384 -3024.18068  4.99999999E-07
  9460.19541 -3241.09593  4.99999999E-07
  9406.74299 -3393.10865  4.99999999E-07
  9430.36155 -3326.90261  4.99999999E-07
  9451.12025 -3267.46476  4.99999999E-07
  9402.59179 -3404.59507  4.99999999E-07
  9344.10644 -3561.97626  4.99999999E-07
  9145.35822 -4045.0492  4.99999999E-07
  8945.50037 -4469.6782  4.99999999E-07
  8811.80084 -4727.80773  4.99999999E-07
  8926.57163 -4507.36274  4.99999999E-07
  9122.5058 -4096.32616  4.99999999E-07
  9129.11846 -4081.56785  4.99999999E-07
  9056.1823 -4240.93884  4.99999999E-07
  8887.13357 -4584.6327  4.99999999E-07
  8701.89479 -4927.17233  4.99999999E-07
  8585.57391 -5127.17471  4.99999999E-07
  8523.35924 -5229.94716  4.99999999E-07
  8499.85737 -5268.05701  4.99999999E-07
  8482.53774 -5295.89969  4.99999999E-07
  8451.93322 -5344.60708  4.99999999E-07
  8454.32944 -5340.81583  4.99999999E-07
  8449.53699 -5348.39459  4.99999999E-07
  7918.35145 -6107.34888  4.99999999E-07
  7660.73986 -6427.524  4.99999999E-07
  7498.20258 -6616.41581  4.99999999E-07
  7409.34967 -6715.76782  4.99999999E-07
  7409.5008 -6715.60108  4.99999999E-07
  7957.62405 -6056.08945  4.99999999E-07
  8077.25006 -5895.59425  4.99999999E-07
  8110.31281 -5850.02787  4.99999999E-07
  8152.02857 -5791.75536  4.99999999E-07
  8202.82658 -5719.58355  4.99999999E-07
  8260.34344 -5636.19785  4.99999999E-07
  7307.88205 -6826.04278  4.99999999E-07
  6108.25536 -7917.65221  4.99999999E-07
  5577.12625 -8300.34112  4.99999999E-07
  5079.98492 -8613.57958  4.99999999E-07
  5563.72715 -8309.3285  4.99999999E-07
  9010.77058 -4336.59009  4.99999999E-07
  9377.55485 -3472.962  4.99999999E-07
  9097.94289 -4150.59455  4.99999999E-07
  9160.45651 -4010.74015  4.99999999E-07
  8853.05107 -4650.1061  4.99999999E-07
  8196.2957 -5728.93854  4.99999999E-07
  9909.7155 -1340.72323  4.99999999E-07
  9943.69168 -1059.71499  4.99999999E-07
  9986.24013 -524.412199  4.99999999E-07
  9996.30928  271.662846  4.99999999E-07
  9925.7814  1216.08535  4.99999999E-07
  9707.63446  2400.38187  4.99999999E-07
  8954.79043  3717.11078  4.99999999E-07
  7736.80092  4906.94491  4.99999999E-07
  6214.54906  6153.7963  4.99999999E-07
  4066.91123  7444.18448  4.99999999E-07
  2065.68816  8357.10196  4.99999999E-07
  964.887365  8981.49813  4.99999999E-07
  815.95433  9521.53978  4.99999999E-07
  2141.16891  9768.05652  4.99999999E-07
  4036.02782  9149.34312  4.99999999E-07
  4817.97285  8762.82703  4.99999999E-07
  6446.31336  7644.93585  4.99999999E-07
  4774.23092  6061.9665  4.99999999E-07
  3337.47858  8579.51625  4.99999999E-07
  2383.53027  9711.7858  4.99999999E-07
  468.162267  9989.03519  4.99999999E-07
 -351.445918  9993.82238  4.99999999E-07
 -886.376946  9960.63933  4.99999999E-07
 -1566.41824  9876.55476  4.99999999E-07
 -2434.26897  9699.19247  4.99999999E-07
 -2867.95426  9579.9185  4.99999999E-07
 -3080.77402  9513.61295  4.99999999E-07
 -2888.54987  9573.72862  4.99999999E-07
 -499.065613  9987.53891  4.99999999E-07
 -837.015306  9964.9087  4.99999999E-07
 -972.257265  9952.62356  4.99999999E-07
 -2628.05688  9648.48781  4.99999999E-07
 -2907.84998  9567.88422  4.99999999E-07
 -2781.16445  9605.47366  4.99999999E-07
 -2333.55826  9723.91412  4.99999999E-07
 -2067.55895  9783.92559  4.99999999E-07
 -2112.31685  9774.36021  4.99999999E-07
 -2182.81001  9758.85959  4.99999999E-07
 -2248.92935  9743.83481  4.99999999E-07
 -2351.10976  9719.68533  4.99999999E-07
 -2483.24214  9686.76977  4.99999999E-07
 -2531.60138  9674.24387  4.99999999E-07
 -2510.34223  9679.78212  4.99999999E-07
 -2231.51918  9747.83679  4.99999999E-07
 -1767.32717  9842.58882  4.99999999E-07
 -1966.87641  9804.66201  4.99999999E-07
 -2189.58092  9757.34264  4.99999999E-07
 -2115.71788  9773.6246  4.99999999E-07
 -2019.55749  9793.94647  4.99999999E-07
 -1894.61468  9818.88157  4.99999999E-07
 -1750.39174  9845.6147  4.99999999E-07
 -1647.40519  9863.36941  4.99999999E-07
 -1573.90534  9875.3644  4.99999999E-07
 -1505.62067  9886.00558  4.99999999E-07
 -1432.90028  9896.8074  4.99999999E-07
 -1244.77893  9922.22381  4.99999999E-07
 -616.388459  9980.98519  4.99999999E-07
 -419.037462  9991.21652  4.99999999E-07
 -254.453848  9996.76214  4.99999999E-07
 -236.687484  9997.19856  4.99999999E-07
 -129.084306  9999.16683  4.99999999E-07
  35.3934158  9999.93737  4.99999999E-07
  131.733651  9999.13227  4.99999999E-07
 -285.517383  9995.92316  4.99999999E-07
 -770.16841  9970.29792  4.99999999E-07
 -847.668891  9964.0081  4.99999999E-07
 -271.328019  9996.31838  4.99999999E-07
 -69.5845808  9999.7579  4.99999999E-07
 -323.738844  9994.75828  4.99999999E-07
 -1723.50889  9850.35619  4.99999999E-07
 -1907.91196  9816.30643  4.99999999E-07
 -1908.52646  9816.18698  4.99999999E-07
 -1782.03009  9839.93744  4.99999999E-07
 -1460.97069  9892.7026  4.99999999E-07
 -878.194587  9961.36408  4.99999999E-07
  271.169342  9996.32268  4.99999999E-07
  526.72049  9986.11864  4.99999999E-07
 -966.549701  9953.17948  4.99999999E-07
 -508.285682  9987.07393  4.99999999E-07
 -1598.71366  9871.37856  4.99999999E-07
 -3145.22333  9492.50073  4.99999999E-07
 -3539.73136  9352.5559  4.99999999E-07
 -3179.50513  9481.0731  4.99999999E-07
 -2754.48114  9613.1594  4.99999999E-07
 -359.701059  9993.52866  4.99999999E-07
 -1192.49579  9928.6431  4.99999999E-07
 -2262.47792  9740.6978  4.99999999E-07
 -4823.20439  8759.9486  4.99999999E-07
 -8389.79344  5353.77707  4.99999999E-07
 -9465.69488  3224.99929  4.99999999E-07
 -9760.05579  2176.46326  4.99999999E-07
 -9889.42693  1480.44091  4.99999999E-07
 -9906.05012  1364.78838  4.99999999E-07
 -9805.8107  1959.70134  4.99999999E-07
 -9675.00496  2527.79227  4.99999999E-07
 -9600.72568  2796.7537  4.99999999E-07
 -9604.80698  2782.75167  4.99999999E-07
 -8036.38892  3264.87313  4.99999999E-07
 -7769.18413  4297.10801  4.99999999E-07
 -7489.96216  5956.49151  4.99999999E-07
 -8680.73274  4963.4736  4.99999999E-07
 -9351.24375  3542.77233  4.99999999E-07
 -9356.9699  3527.79653  4.99999999E-07
 -9548.02773  2972.40079  4.99999999E-07
 -9991.07785  422.330905  4.99999999E-07
 -9935.7556  1131.707  4.99999999E-07
 -9644.48274  2642.71692  4.99999999E-07
 -9355.43477  3532.11555  4.99999999E-07
 -9041.18432  4272.81944  4.99999999E-07
 -8548.95778  5187.99778  4.99999999E-07
 -7878.65355  6158.13829  4.99999999E-07
 -7027.00693  7113.99846  4.99999999E-07
 -5544.78952  8320.4628  4.99999999E-07
 -5347.15699  8448.69483  4.99999999E-07
 -4818.79002  8760.54231  4.99999999E-07
 -5229.66487  8521.78651  4.99999999E-07
 -5354.75541  8443.79303  4.99999999E-07
 -5504.74474  8346.86678  4.99999999E-07
 -5690.19259  8221.68535  4.99999999E-07
 -5498.59691  8351.00675  4.99999999E-07
 -3747.85346  9269.14424  4.99999999E-07
  1189.77472  9827.57967  4.99999999E-07
  2628.58929  8015.72059  4.99999999E-07
 -331.793217  3899.04477  4.99999999E-07
 -8562.83142  5164.65227  4.99999999E-07
 -7238.8435  6898.19701  4.99999999E-07
 -6030.36305  7975.88647  4.99999999E-07
 -4723.00629  8812.9479  4.99999999E-07
 -3711.13921  9284.36462  4.99999999E-07
 -4326.61563  9014.2566  4.99999999E-07
 -4996.14219  8661.42042  4.99999999E-07
 -4356.38641  9000.23745  4.99999999E-07
 -688.895503  9975.06388  4.99999999E-07
  0.00310640143  9998.79821  4.99999999E-07
