#     ./results/pulse615
#    te=  0.998401122
#    nodcheck= 100
#    left edge= -10000
#    right edge= 10000
 -31.7114471 -9930.79808  4.99999999E-07
  1462.57355 -9207.86382  4.99999999E-07
  5237.35645 -8493.5033  4.99999999E-07
  6415.82269 -7371.02668  4.99999999E-07
  6375.89022 -7206.63904  4.99999999E-07
  5530.65309 -6979.42622  4.99999999E-07
  4259.10351 -7376.42474  4.99999999E-07
  2339.68183 -8200.56233  4.99999999E-07
  33.6768587 -8746.57895  4.99999999E-07
 -2439.75387 -7912.08019  4.99999999E-07
 -4903.3329 -4719.52753  4.99999999E-07
 -7031.46898 -935.321395  4.99999999E-07
 -8648.61585  1575.8453  4.99999999E-07
 -9551.73814  1575.13253  4.99999999E-07
 -9973.79058  709.553695  4.99999999E-07
 -9998.71241  14.3168861  4.99999999E-07
 -9936.6667  613.659566  4.99999999E-07
 -9050.8271  2562.5967  4.99999999E-07
 -8670.01598  4982.51711  4.99999999E-07
 -7912.45749  6114.79104  4.99999999E-07
 -7367.0639  6762.07195  4.99999999E-07
 -6409.43962  7675.87674  4.99999999E-07
 -3626.94392  9319.08138  4.99999999E-07
  1789.21425  9838.63366  4.99999999E-07
  3131.35191  9497.08562  4.99999999E-07
  3134.97582  9495.88999  4.99999999E-07
  898.64363  9959.54013  4.99999999E-07
 -3421.49105  9396.45672  4.99999999E-07
 -7229.47964  6908.14573  4.99999999E-07
 -8852.81398  3582.73497  4.99999999E-07
 -8930.70396  4193.15744  4.99999999E-07
 -7210.94993  6927.26837  4.99999999E-07
 -4046.36115  9144.57138  4.99999999E-07
 -2505.68797  9680.98796  4.99999999E-07
 -2078.71581  9781.56125  4.99999999E-07
 -1471.91494  9891.08014  4.99999999E-07
  2474.43004  5324.00291  4.99999999E-07
  5380.98364  4945.08736  4.99999999E-07
  7084.37524  5686.38934  4.99999999E-07
  8063.64  5879.78523  4.99999999E-07
  7650.19844  4801.58167  4.99999999E-07
  2723.68269  7004.20759  4.99999999E-07
  145.176494  8840.44868  4.99999999E-07
  2397.51019  9708.34409  4.99999999E-07
  6207.49181  7840.09218  4.99999999E-07
  7796.97021  6261.56973  4.99999999E-07
  8036.10024  5951.56223  4.99999999E-07
  8142.76733  5804.76875  4.99999999E-07
  8228.34887  5682.80519  4.99999999E-07
  8340.98019  5516.16257  4.99999999E-07
  8549.80783  5186.59677  4.99999999E-07
  8880.10113  4598.23923  4.99999999E-07
  9306.29281  3659.63306  4.99999999E-07
  9703.45882  2417.20642  4.99999999E-07
  9946.40803  1033.90874  4.99999999E-07
  9996.22347 -274.802385  4.99999999E-07
  9903.98299 -1382.43295  4.99999999E-07
  9756.81535 -2191.92935  4.99999999E-07
  9625.51601 -2710.98533  4.99999999E-07
  9485.22459 -3167.09875  4.99999999E-07
  9265.19895 -3762.45775  4.99999999E-07
  8846.79235 -4662.00227  4.99999999E-07
  8129.38238 -5823.49913  4.99999999E-07
  7470.36496 -6647.83027  4.99999999E-07
  7846.8442 -6198.95443  4.99999999E-07
  8872.72403 -4612.45794  4.99999999E-07
  9487.38445 -3160.62277  4.99999999E-07
  9300.40564 -3674.56866  4.99999999E-07
  8890.5118 -4578.0782  4.99999999E-07
  8381.57804 -5454.2781  4.99999999E-07
  7597.58714 -6502.05119  4.99999999E-07
  6159.05431 -7878.20094  4.99999999E-07
  3788.95663 -9254.39396  4.99999999E-07
  1771.04322 -9841.92084  4.99999999E-07
  1126.3845 -9936.3604  4.99999999E-07
  1191.20545 -9928.79799  4.99999999E-07
  2017.1264 -9794.44746  4.99999999E-07
  2621.1836 -9650.35733  4.99999999E-07
  2630.34534 -9647.86419  4.99999999E-07
  2786.37034 -9603.96482  4.99999999E-07
  3130.59237 -9497.33602  4.99999999E-07
  1956.17634 -6683.63733  4.99999999E-07
  2026.0736 -9792.60056  4.99999999E-07
  1141.22086 -9934.66733  4.99999999E-07
  421.391564 -9991.11751  4.99999999E-07
 -481.990154 -9988.37752  4.99999999E-07
 -2044.15157 -9788.84285  4.99999999E-07
 -3693.94247 -9292.72775  4.99999999E-07
 -2836.27859 -9589.34428  4.99999999E-07
  1085.46812 -9940.91339  4.99999999E-07
  3083.05532 -9512.8739  4.99999999E-07
  745.468451 -9972.17513  4.99999999E-07
 -2714.65754 -9624.48099  4.99999999E-07
 -3944.01331 -9189.38295  4.99999999E-07
 -3426.72181 -9394.55042  4.99999999E-07
 -2813.35518 -9596.09465  4.99999999E-07
 -2774.79042 -9607.31691  4.99999999E-07
 -3275.30326 -9448.40667  4.99999999E-07
 -4512.76117 -8923.84371  4.99999999E-07
 -5745.38906 -8184.77272  4.99999999E-07
 -5804.30055 -8143.10108  4.99999999E-07
 -5395.72736 -8419.3899  4.99999999E-07
 -5128.62291 -8584.70891  4.99999999E-07
 -4864.299 -8737.19608  4.99999999E-07
 -4621.34844 -8868.09667  4.99999999E-07
 -5414.71267 -8407.19255  4.99999999E-07
 -6840.19034 -7294.6416  4.99999999E-07
 -7661.11141 -6427.08114  4.99999999E-07
 -8066.60587 -5910.14972  4.99999999E-07
 -8314.84877 -5555.47387  4.99999999E-07
 -8523.34382 -5229.97229  4.99999999E-07
 -9117.36254 -4107.76099  4.99999999E-07
 -9423.15993 -2975.58305  4.99999999E-07
 -9283.57347 -3526.65431  4.99999999E-07
 -8698.74175 -4932.73677  4.99999999E-07
 -8593.18815 -5114.40293  4.99999999E-07
 -9095.0771 -4156.87052  4.99999999E-07
 -9455.45501 -3254.89946  4.99999999E-07
 -9709.98215 -2390.86734  4.99999999E-07
 -9885.46458 -1509.16868  4.99999999E-07
 -9970.54935 -766.90661  4.99999999E-07
 -9996.2432 -274.083626  4.99999999E-07
 -9999.82042 -59.9289385  4.99999999E-07
 -9999.53138 -96.8104887  4.99999999E-07
 -9999.20827  125.833329  4.99999999E-07
 -9940.05565  1093.29486  4.99999999E-07
 -9703.11336  2418.59278  4.99999999E-07
 -9398.78082  3415.10162  4.99999999E-07
 -9224.38686  3861.43587  4.99999999E-07
 -9108.72528  4126.87821  4.99999999E-07
 -9041.2029  4272.78014  4.99999999E-07
 -9214.54503  3884.86291  4.99999999E-07
 -9543.22819  2987.77439  4.99999999E-07
 -9648.09033  2629.51573  4.99999999E-07
 -9491.79567  3147.35048  4.99999999E-07
 -9182.32138  3960.426  4.99999999E-07
 -8848.00466  4659.70101  4.99999999E-07
 -8518.09509  5238.51659  4.99999999E-07
 -8230.74917  5679.32814  4.99999999E-07
 -8094.77475  5871.50933  4.99999999E-07
 -7977.61446  6029.73197  4.99999999E-07
 -7840.86546  6206.51503  4.99999999E-07
 -7673.17897  6412.66906  4.99999999E-07
 -7780.29666  6282.27538  4.99999999E-07
 -7607.08463  6490.93702  4.99999999E-07
 -7499.61544  6614.81431  4.99999999E-07
 -7444.83384  6676.4099  4.99999999E-07
 -7299.12685  6835.40395  4.99999999E-07
 -7508.33785  6604.91201  4.99999999E-07
 -7996.05195  6005.26046  4.99999999E-07
 -8105.98284  5856.02615  4.99999999E-07
 -7240.10586  6897.8886  4.99999999E-07
 -6439.70718  7650.50138  4.99999999E-07
 -6044.3289  7966.56062  4.99999999E-07
 -5758.24041  8175.73651  4.99999999E-07
 -5465.58528  8374.20907  4.99999999E-07
 -5147.96614  8573.12339  4.99999999E-07
 -4952.02165  8687.77771  4.99999999E-07
 -5095.71079  8604.28565  4.99999999E-07
 -5619.63606  8271.61958  4.99999999E-07
 -6409.81445  7675.56374  4.99999999E-07
 -7012.7899  7128.86932  4.99999999E-07
 -6960.64788  7179.78976  4.99999999E-07
 -6163.99687  7874.33442  4.99999999E-07
 -5116.52319  8591.92589  4.99999999E-07
 -4221.38759  9065.31229  4.99999999E-07
 -3559.23966  9345.14917  4.99999999E-07
 -3087.24259  9511.51582  4.99999999E-07
 -2663.37839  9638.79741  4.99999999E-07
 -2024.52099  9792.92167  4.99999999E-07
 -658.370667  9978.30387  4.99999999E-07
  853.143668  9963.54083  4.99999999E-07
  468.662234  9989.01175  4.99999999E-07
 -1061.37315  9943.51482  4.99999999E-07
 -2079.59144  9781.37513  4.99999999E-07
 -2511.90725  9679.37611  4.99999999E-07
 -2360.47187  9717.41594  4.99999999E-07
 -2095.556  9777.96733  4.99999999E-07
 -1492.16562  9888.0454  4.99999999E-07
 -76.5767043  9999.7068  4.99999999E-07
  1207.73184  9926.80129  4.99999999E-07
  2220.99116  9750.24093  4.99999999E-07
  3064.88048  9518.74507  4.99999999E-07
  2756.52425  9612.57375  4.99999999E-07
  1402.42555  9901.17178  4.99999999E-07
  1275.98392  9918.25917  4.99999999E-07
  1694.16585  9855.4453  4.99999999E-07
  2237.86913  9746.38096  4.99999999E-07
  3338.5418  9426.24733  4.99999999E-07
  4141.94292  9101.8849  4.99999999E-07
  4034.46649  9150.0317  4.99999999E-07
  2852.71604  9584.46718  4.99999999E-07
  2675.55118  9635.42557  4.99999999E-07
  3136.77766  9495.29494  4.99999999E-07
  3727.89592  9279.15902  4.99999999E-07
  4257.74966  9048.29088  4.99999999E-07
  4512.95741  8923.74447  4.99999999E-07
  4657.63314  8849.09337  4.99999999E-07
  4788.9412  8778.72668  4.99999999E-07
  4941.69577  8693.65532  4.99999999E-07
  5256.00096  8507.31767  4.99999999E-07
  5686.22691  8225.98466  4.99999999E-07
  5855.23422  8106.55489  4.99999999E-07
  5870.30685  8095.64683  4.99999999E-07
  5925.08878  8055.6392  4.99999999E-07
  6049.59142  7962.56514  4.99999999E-07
  6199.28688  7846.58156  4.99999999E-07
  6276.99271  7784.55924  4.99999999E-07
  6249.18396  7806.90079  4.99999999E-07
  6311.43234  7756.66306  4.99999999E-07
  6533.70719  7570.38112  4.99999999E-07
  6739.2537  7387.99429  4.99999999E-07
  6907.25122  7231.17422  4.99999999E-07
  7043.95205  7098.07998  4.99999999E-07
  7148.40068  6992.87978  4.99999999E-07
  7232.89899  6905.44512  4.99999999E-07
  7332.14072  6799.97886  4.99999999E-07
  7470.39507  6647.79643  4.99999999E-07
  7606.78794  6491.28472  4.99999999E-07
  7718.26749  6358.32894  4.99999999E-07
  7818.35963  6234.84184  4.99999999E-07
  7912.25233  6115.24841  4.99999999E-07
  7999.53347  6000.622  4.99999999E-07
  8074.28304  5899.65705  4.99999999E-07
  8121.65223  5834.27502  4.99999999E-07
  8165.05469  5773.37699  4.99999999E-07
  8250.04991  5651.25442  4.99999999E-07
  8353.57203  5497.07507  4.99999999E-07
  8452.74185  5343.32811  4.99999999E-07
  8544.95266  5194.59181  4.99999999E-07
  8631.5156  5049.44932  4.99999999E-07
  8709.22878  4914.1972  4.99999999E-07
  8775.9721  4793.98725  4.99999999E-07
  8835.37108  4683.61164  4.99999999E-07
  8892.8335  4573.5667  4.99999999E-07
  8952.35538  4455.93235  4.99999999E-07
  9011.336  4335.41503  4.99999999E-07
  9068.00024  4215.61048  4.99999999E-07
  9121.85755  4097.76949  4.99999999E-07
  9170.29803  3988.18682  4.99999999E-07
  9211.2935  3892.56624  4.99999999E-07
  9252.50136  3793.57597  4.99999999E-07
  9301.38391  3672.0917  4.99999999E-07
  9349.57778  3547.59007  4.99999999E-07
  9400.21827  3411.14298  4.99999999E-07
  9477.8498  3189.10068  4.99999999E-07
  9543.83395  2985.83883  4.99999999E-07
  9553.627  2954.35461  4.99999999E-07
  9566.901  2911.08318  4.99999999E-07
  9594.8325  2817.6567  4.99999999E-07
  9628.78464  2699.35295  4.99999999E-07
  9671.29852  2542.83011  4.99999999E-07
  9719.07307  2353.63944  4.99999999E-07
  9740.86214  2261.77026  4.99999999E-07
  9751.86477  2213.85039  4.99999999E-07
  9769.84954  2133.08229  4.99999999E-07
  9792.24002  2027.81542  4.99999999E-07
  9815.53598  1911.87172  4.99999999E-07
  9839.00979  1787.14473  4.99999999E-07
  9862.76315  1651.03091  4.99999999E-07
  9886.62085  1501.57522  4.99999999E-07
  9905.8159  1369.2375  4.99999999E-07
  9916.5032  1289.55969  4.99999999E-07
  9925.05261  1222.01914  4.99999999E-07
  9934.59776  1141.82636  4.99999999E-07
  9943.84153  1058.30793  4.99999999E-07
  9951.7946  980.706012  4.99999999E-07
  9958.69463  907.965448  4.99999999E-07
  9965.71555  827.35333  4.99999999E-07
  9972.79127  737.179965  4.99999999E-07
  9979.41853  641.253242  4.99999999E-07
  9985.58335  536.772897  4.99999999E-07
  9992.08312  397.83774  4.99999999E-07
  9997.32506  231.282771  4.99999999E-07
  9999.1875  127.472684  4.99999999E-07
  9999.8285  58.5662411  4.99999999E-07
  9999.9915 -13.0413523  4.99999999E-07
  9999.61342 -87.9290659  4.99999999E-07
  9998.72581 -159.631296  4.99999999E-07
  9997.45685 -225.513755  4.99999999E-07
  9995.74956 -291.531855  4.99999999E-07
  9993.24869 -367.397017  4.99999999E-07
  9989.41238 -460.043852  4.99999999E-07
  9983.01076 -582.663018  4.99999999E-07
  9973.48075 -727.792396  4.99999999E-07
  9962.87255 -860.912682  4.99999999E-07
  9956.91248 -927.304652  4.99999999E-07
  9966.14293 -822.189258  4.99999999E-07
  9971.00263 -760.990444  4.99999999E-07
  9956.181 -935.125615  4.99999999E-07
  9937.67982 -1114.68375  4.99999999E-07
  9927.11367 -1205.16148  4.99999999E-07
  9921.81091 -1248.06579  4.99999999E-07
  9918.42769 -1274.67332  4.99999999E-07
  9913.92474 -1309.23499  4.99999999E-07
  9901.54519 -1399.78669  4.99999999E-07
  9858.98222 -1673.46039  4.99999999E-07
  9825.2028 -1861.55577  4.99999999E-07
  9839.79015 -1782.84321  4.99999999E-07
  9862.89395 -1650.24938  4.99999999E-07
  9864.36296 -1641.44553  4.99999999E-07
  9857.71353 -1680.91758  4.99999999E-07
  9848.36004 -1734.87883  4.99999999E-07
  9838.26595 -1791.23507  4.99999999E-07
  9831.44942 -1828.2785  4.99999999E-07
  9833.4743 -1817.3561  4.99999999E-07
  9847.57865 -1739.30868  4.99999999E-07
  9854.76434 -1698.12241  4.99999999E-07
  9840.58915 -1778.42774  4.99999999E-07
  9823.86487 -1868.60351  4.99999999E-07
  9809.9749 -1940.20422  4.99999999E-07
  9798.89191 -1995.42409  4.99999999E-07
  9793.54294 -2021.51345  4.99999999E-07
  9796.13915 -2008.89468  4.99999999E-07
  9802.30609 -1978.58417  4.99999999E-07
  9804.58167 -1967.27685  4.99999999E-07
  9792.91482 -2024.55411  4.99999999E-07
  9774.59115 -2111.24795  4.99999999E-07
  9772.14324 -2122.54952  4.99999999E-07
  9781.30747 -2079.90966  4.99999999E-07
  9792.58177 -2026.16441  4.99999999E-07
  9803.2928 -1973.68952  4.99999999E-07
  9815.79646 -1910.53392  4.99999999E-07
  9835.37416 -1807.04599  4.99999999E-07
  9841.42171 -1773.81476  4.99999999E-07
  9828.16242 -1845.86658  4.99999999E-07
  9823.83542 -1868.7583  4.99999999E-07
  9827.59581 -1848.8809  4.99999999E-07
  9833.54351 -1816.98159  4.99999999E-07
  9840.43604 -1779.27472  4.99999999E-07
  9848.76806 -1732.561  4.99999999E-07
  9859.28071 -1671.7009  4.99999999E-07
  9869.41813 -1610.77177  4.99999999E-07
  9874.3041 -1580.54374  4.99999999E-07
  9873.4572 -1585.82564  4.99999999E-07
  9874.9486 -1576.51202  4.99999999E-07
  9879.46114 -1547.98176  4.99999999E-07
  9884.15318 -1517.73381  4.99999999E-07
  9889.28978 -1483.8961  4.99999999E-07
  9896.46812 -1435.24167  4.99999999E-07
  9905.18342 -1373.80545  4.99999999E-07
  9912.01858 -1323.58891  4.99999999E-07
  9917.86448 -1279.04816  4.99999999E-07
  9923.46095 -1234.87761  4.99999999E-07
  9929.64392 -1184.1333  4.99999999E-07
  9936.42206 -1125.84041  4.99999999E-07
  9941.37094 -1081.26957  4.99999999E-07
  9944.66405 -1050.55076  4.99999999E-07
  9948.13939 -1017.11491  4.99999999E-07
  9951.56241 -983.059272  4.99999999E-07
  9954.73573 -950.387611  4.99999999E-07
  9958.04697 -915.041307  4.99999999E-07
  9961.85092 -872.654708  4.99999999E-07
  9965.82261 -826.062817  4.99999999E-07
  9969.70104 -777.856766  4.99999999E-07
  9973.35147 -729.561817  4.99999999E-07
  9976.75797 -681.395962  4.99999999E-07
  9979.93045 -633.23631  4.99999999E-07
  9982.87746 -584.942389  4.99999999E-07
  9985.603 -536.407323  4.99999999E-07
  9988.09529 -487.803649  4.99999999E-07
  9990.32981 -439.670566  4.99999999E-07
  9992.32943 -391.602554  4.99999999E-07
  9994.18775 -340.897805  4.99999999E-07
  9995.89979 -286.334374  4.99999999E-07
  9997.37379 -229.16655  4.99999999E-07
  9998.55182 -170.180887  4.99999999E-07
  9999.40007 -109.536518  4.99999999E-07
  9999.88652 -47.6395038  4.99999999E-07
  9999.9886  15.1015104  4.99999999E-07
  9999.69269  78.3972721  4.99999999E-07
  9999.01726  140.192197  4.99999999E-07
  9997.90026  204.915528  4.99999999E-07
  9996.21065  275.268368  4.99999999E-07
  9994.02529  345.62762  4.99999999E-07
  9991.31498  416.683214  4.99999999E-07
  9988.03801  488.975114  4.99999999E-07
  9984.14287  562.930903  4.99999999E-07
  9979.556  639.110375  4.99999999E-07
  9974.19596  717.92401  4.99999999E-07
  9968.00158  799.340012  4.99999999E-07
  9960.8943  883.507049  4.99999999E-07
  9952.75081  970.953805  4.99999999E-07
  9943.54774  1061.06469  4.99999999E-07
  9933.4378  1151.87389  4.99999999E-07
  9922.64719  1241.39951  4.99999999E-07
  9910.78181  1332.81803  4.99999999E-07
  9897.34545  1429.17912  4.99999999E-07
  9882.3126  1529.67239  4.99999999E-07
  9865.83668  1632.56444  4.99999999E-07
  9847.91606  1737.39729  4.99999999E-07
  9828.39122  1844.64796  4.99999999E-07
  9806.95608  1955.40597  4.99999999E-07
  9784.0352  2067.04019  4.99999999E-07
  9759.939  2177.97856  4.99999999E-07
  9734.12386  2290.59657  4.99999999E-07
  9706.20039  2406.17416  4.99999999E-07
  9676.00428  2524.86457  4.99999999E-07
  9643.50863  2646.26934  4.99999999E-07
  9608.55121  2770.51324  4.99999999E-07
  9570.87573  2897.98858  4.99999999E-07
  9530.46582  3028.23733  4.99999999E-07
  9487.68686  3159.71486  4.99999999E-07
  9442.7815  3291.48562  4.99999999E-07
  9395.29832  3424.67072  4.99999999E-07
  9344.82071  3560.10194  4.99999999E-07
  9291.17693  3697.84144  4.99999999E-07
  9234.43647  3837.34062  4.99999999E-07
  9174.63369  3978.20269  4.99999999E-07
  9111.74489  4120.20691  4.99999999E-07
  9045.26083  4264.18298  4.99999999E-07
  8974.97386  4410.19775  4.99999999E-07
  8901.15146  4557.35699  4.99999999E-07
  8823.39951  4706.1259  4.99999999E-07
  8740.87996  4857.67614  4.99999999E-07
  8652.97491  5012.58668  4.99999999E-07
  8561.23036  5167.72046  4.99999999E-07
  8466.52664  5321.45908  4.99999999E-07
  8368.60727  5474.1586  4.99999999E-07
  8266.9728  5626.46966  4.99999999E-07
  8161.1117  5778.94937  4.99999999E-07
  8050.46083  5932.12276  4.99999999E-07
  7935.73136  6084.74878  4.99999999E-07
  7818.69284  6234.42397  4.99999999E-07
  7700.08952  6380.33082  4.99999999E-07
  7577.62086  6525.30935  4.99999999E-07
  7450.88633  6669.65463  4.99999999E-07
  7322.64421  6810.20424  4.99999999E-07
  7190.44835  6949.63686  4.99999999E-07
  7041.02421  7100.9843  4.99999999E-07
  6893.29191  7244.48249  4.99999999E-07
  6742.97441  7384.59857  4.99999999E-07
  6586.04359  7524.894  4.99999999E-07
  6425.16924  7662.71494  4.99999999E-07
  6257.41248  7800.30698  4.99999999E-07
  6082.59737  7937.3805  4.99999999E-07
  5905.31323  8070.14719  4.99999999E-07
  5732.66253  8193.6915  4.99999999E-07
  5570.53007  8304.7694  4.99999999E-07
  5404.96411  8413.46319  4.99999999E-07
  5230.58264  8522.96927  4.99999999E-07
  5050.01189  8631.18647  4.99999999E-07
  4862.99008  8737.92467  4.99999999E-07
  4659.98286  8847.85623  4.99999999E-07
  4442.50371  8959.02678  4.99999999E-07
  4249.36777  9052.23031  4.99999999E-07
  4075.73269  9131.72509  4.99999999E-07
  3897.34156  9209.27406  4.99999999E-07
  3714.29295  9284.61243  4.99999999E-07
  3535.51015  9354.15244  4.99999999E-07
  3346.53171  9423.41369  4.99999999E-07
  3112.70406  9503.21385  4.99999999E-07
  2885.43517  9574.66782  4.99999999E-07
  2690.06803  9631.38277  4.99999999E-07
  2500.14503  9682.42092  4.99999999E-07
  2310.43707  9729.43372  4.99999999E-07
  2123.80225  9771.87106  4.99999999E-07
  1945.90042  9808.8466  4.99999999E-07
  1782.66685  9839.8221  4.99999999E-07
  1607.38342  9869.97054  4.99999999E-07
  1380.94423  9904.19068  4.99999999E-07
  1139.26441  9934.89188  4.99999999E-07
  901.769146  9959.25762  4.99999999E-07
  650.942837  9978.79118  4.99999999E-07
  377.707195  9992.86432  4.99999999E-07
  126.934292  9999.19435  4.99999999E-07
 -90.1088251  9999.59401  4.99999999E-07
 -277.754089  9996.14189  4.99999999E-07
 -465.654308  9989.15242  4.99999999E-07
 -686.785764  9976.38839  4.99999999E-07
 -930.982554  9956.56926  4.99999999E-07
 -1171.37893  9931.1566  4.99999999E-07
 -1365.69984  9906.30425  4.99999999E-07
 -1536.22153  9881.29665  4.99999999E-07
 -1758.21893  9844.21994  4.99999999E-07
 -2027.37559  9792.33109  4.99999999E-07
 -2300.80911  9731.71503  4.99999999E-07
 -2578.81843  9661.76462  4.99999999E-07
 -2891.17212  9572.93705  4.99999999E-07
 -3258.42163  9454.24183  4.99999999E-07
 -3586.3609  9334.77453  4.99999999E-07
 -3891.53802  9211.72795  4.99999999E-07
 -3979.1102  9174.24013  4.99999999E-07
 -4010.1102  9160.7323  4.99999999E-07
 -4219.80435  9066.04937  4.99999999E-07
 -4538.5258  8910.76784  4.99999999E-07
 -4885.24413  8725.50226  4.99999999E-07
 -5205.82502  8538.11372  4.99999999E-07
 -5497.80433  8353.09209  4.99999999E-07
 -5773.4506  8165.00264  4.99999999E-07
 -6051.21199  7961.33365  4.99999999E-07
 -6329.47245  7741.94927  4.99999999E-07
 -6603.19209  7509.85048  4.99999999E-07
 -6866.46377  7269.91577  4.99999999E-07
 -7099.63907  7042.38064  4.99999999E-07
 -7285.60164  6849.81816  4.99999999E-07
 -7432.57402  6690.05557  4.99999999E-07
 -7601.00776  6498.05209  4.99999999E-07
 -7832.51371  6217.05147  4.99999999E-07
 -8122.78185  5832.7022  4.99999999E-07
 -8412.09632  5407.09122  4.99999999E-07
 -8656.55463  5006.4021  4.99999999E-07
 -8871.83681  4614.16424  4.99999999E-07
 -9073.49678  4203.7669  4.99999999E-07
 -9248.13258  3804.21394  4.99999999E-07
 -9373.48127  3483.94158  4.99999999E-07
 -9467.0968  3220.8816  4.99999999E-07
 -9548.9656  2969.38646  4.99999999E-07
 -9618.7011  2735.06656  4.99999999E-07
 -9681.66756  2503.06078  4.99999999E-07
 -9770.99734  2127.81835  4.99999999E-07
 -9876.82539  1564.71091  4.99999999E-07
 -9940.31238  1090.95823  4.99999999E-07
 -9975.47253  699.962726  4.99999999E-07
 -9993.67583  355.588769  4.99999999E-07
 -9999.9472  32.4962442  4.99999999E-07
 -9995.75355 -291.395012  4.99999999E-07
 -9972.10439 -746.414067  4.99999999E-07
 -9889.80722 -1480.44356  4.99999999E-07
 -9773.49812 -2116.3021  4.99999999E-07
 -9754.7928 -2200.91285  4.99999999E-07
 -9750.75815 -2218.71935  4.99999999E-07
 -9675.40321 -2527.16693  4.99999999E-07
 -9559.55126 -2935.12857  4.99999999E-07
 -9413.04648 -3375.58231  4.99999999E-07
 -9234.97684 -3836.03998  4.99999999E-07
 -9022.16713 -4312.82972  4.99999999E-07
 -8757.32649 -4827.96362  4.99999999E-07
 -8496.9827 -5272.69239  4.99999999E-07
 -8310.63567 -5561.77442  4.99999999E-07
 -8235.72046 -5672.11675  4.99999999E-07
 -8175.54463 -5758.51283  4.99999999E-07
 -8029.38933 -5960.61297  4.99999999E-07
 -7812.95403 -6241.61433  4.99999999E-07
 -7616.6335 -6479.72948  4.99999999E-07
 -7549.98908 -6557.26047  4.99999999E-07
 -7382.44314 -6745.33419  4.99999999E-07
 -7055.33738 -7086.76333  4.99999999E-07
 -6751.01666 -7377.24705  4.99999999E-07
 -6462.75474 -7631.04195  4.99999999E-07
 -6189.94463 -7853.95349  4.99999999E-07
 -5895.97555 -8076.97173  4.99999999E-07
 -5552.06668 -8317.12424  4.99999999E-07
 -5184.65266 -8550.98689  4.99999999E-07
 -4821.90344 -8760.66477  4.99999999E-07
 -4098.60502 -9121.48216  4.99999999E-07
 -3425.79932 -9394.88685  4.99999999E-07
 -3105.77015 -9505.4822  4.99999999E-07
 -3046.63842 -9524.59943  4.99999999E-07
 -2290.96474 -9734.03722  4.99999999E-07
 -1474.6003 -9890.68016  4.99999999E-07
 -673.752729 -9977.27705  4.99999999E-07
 -124.002497 -9999.23114  4.99999999E-07
  162.986529 -9998.67168  4.99999999E-07
  171.178155 -9998.53479  4.99999999E-07
  346.60018 -9993.99161  4.99999999E-07
  781.959249 -9969.38011  4.99999999E-07
  1327.24347 -9911.52989  4.99999999E-07
  2411.67897 -9704.83408  4.99999999E-07
  3953.18488 -9185.44116  4.99999999E-07
  5159.3725 -8566.26379  4.99999999E-07
  5844.41207 -8114.36057  4.99999999E-07
  5727.25991 -8197.46875  4.99999999E-07
  4887.28441 -8724.35964  4.99999999E-07
  5097.80771 -8603.04345  4.99999999E-07
  6008.38179 -7993.70679  4.99999999E-07
  7351.43312 -6779.11728  4.99999999E-07
  7921.61516 -6103.11504  4.99999999E-07
  8012.11981 -5983.80616  4.99999999E-07
  7730.42285 -6343.54496  4.99999999E-07
  7528.27459 -6582.1791  4.99999999E-07
  7899.93967 -6131.14615  4.99999999E-07
  9603.7832 -2786.99628  4.99999999E-07
  9999.99736  7.26958238  4.99999999E-07
  9977.26391  673.947295  4.99999999E-07
  9904.09711  1381.61516  4.99999999E-07
  9812.89841  1925.36354  4.99999999E-07
  9663.14722  2573.6328  4.99999999E-07
  9425.99212  3339.26228  4.99999999E-07
  9222.98744  3864.77717  4.99999999E-07
  9554.50102  2951.52676  4.99999999E-07
  9750.48267  2219.92967  4.99999999E-07
  9737.70735  2275.3144  4.99999999E-07
  9459.13379  3244.19295  4.99999999E-07
  8900.3338  4558.95363  4.99999999E-07
  8144.31478  5802.59742  4.99999999E-07
  7184.2913  6956.00162  4.99999999E-07
  6052.10124  7960.65768  4.99999999E-07
  5617.69634  8272.93707  4.99999999E-07
  6327.34257  7743.69008  4.99999999E-07
  6858.68725  7277.25286  4.99999999E-07
  7096.41099  7045.63348  4.99999999E-07
  7498.60127  6615.96396  4.99999999E-07
  2734.97863  2105.85572  4.99999999E-07
 -291.696718  2165.8396  4.99999999E-07
 -1123.79185  1919.91086  4.99999999E-07
  2424.98194  6895.26822  4.99999999E-07
  5069.68124  8619.64803  4.99999999E-07
  6367.20964  7710.94296  4.99999999E-07
  3319.71881  4383.75562  4.99999999E-07
  589.956399  2623.19905  4.99999999E-07
 -677.313807  2143.55837  4.99999999E-07
 -1303.8173  2144.23507  4.99999999E-07
 -1784.58008  2392.42206  4.99999999E-07
 -2582.04854  2423.07282  4.99999999E-07
 -7499.35147  3687.15023  4.99999999E-07
 -9350.38337  3543.58274  4.99999999E-07
 -9209.17459  2874.13544  4.99999999E-07
 -7048.96078  1340.92676  4.99999999E-07
 -8657.75638  325.009944  4.99999999E-07
 -9976.62157  683.390078  4.99999999E-07
 -9802.41143 -1978.0622  4.99999999E-07
 -9360.84483 -3517.75271  4.99999999E-07
 -8923.96386 -4512.52358  4.99999999E-07
 -8603.64355 -5096.79484  4.99999999E-07
